-13292.587,-18373.093,-10265.119,-15456.942,-800.549,-7401.610,-3423.080,6620.814,-9283.303,-7399.914,-5826.702,3207.261,-16895.918,-18970.307,-12503.274,-5063.920
-13232.116,-18273.687,-10201.267,-15384.564,-991.411,-7352.828,-3341.846,6622.029,-9217.350,-7328.694,-5768.357,3265.479,-16836.764,-18897.088,-12460.146,-5004.476
-12988.664,-18042.308,-9981.646,-15147.060,-1499.781,-7166.718,-3149.720,6626.530,-8966.356,-7098.797,-5611.101,3491.962,-16617.453,-18661.115,-12203.628,-4815.880
-12999.708,-18051.265,-9983.442,-15169.706,-1317.303,-7181.072,-3186.035,6639.674,-8991.449,-7100.705,-5599.880,3481.660,-16636.910,-18679.136,-12219.371,-4802.631
-13142.520,-18185.607,-10084.683,-15315.294,-993.908,-7293.046,-3291.766,6642.600,-9136.895,-7217.370,-5668.238,3359.075,-16768.516,-18822.667,-12347.167,-4920.802
-13298.433,-18359.030,-10273.423,-15457.442,-799.479,-7398.695,-3425.162,6623.380,-9286.974,-7393.756,-5825.781,3209.257,-16895.820,-18955.638,-12497.850,-5048.641
-13243.052,-18289.083,-10208.891,-15392.779,-986.773,-7353.433,-3369.150,6605.735,-9221.382,-7325.207,-5766.515,3262.444,-16846.639,-18908.912,-12449.298,-5005.073
-13005.988,-18106.260,-9981.306,-15136.736,-1496.125,-7166.058,-3149.086,6607.175,-8970.448,-7121.248,-5605.749,3494.038,-16625.764,-18648.469,-12192.912,-4810.628
-13007.341,-18037.793,-9982.811,-15173.480,-1313.468,-7179.642,-3175.757,6644.896,-8999.392,-7097.653,-5602.412,3482.059,-16638.866,-18686.660,-12216.592,-4812.299
-13143.061,-18182.276,-10084.246,-15315.017,-990.698,-7287.161,-3309.425,6631.167,-9131.900,-7224.126,-5666.569,3368.099,-16751.308,-18820.011,-12356.295,-4929.754
-13301.519,-18343.116,-10273.083,-15460.828,-798.052,-7402.380,-3401.798,6630.041,-9290.283,-7398.933,-5821.523,3203.028,-16901.589,-18959.685,-12510.683,-5062.249
-13226.432,-18282.570,-10200.345,-15400.661,-979.103,-7335.779,-3348.729,6625.900,-9218.614,-7331.800,-5766.803,3280.173,-16821.022,-18902.399,-12477.609,-4989.317
-12985.199,-18033.204,-9980.917,-15150.612,-1493.003,-7155.114,-3152.845,6632.697,-9000.415,-7094.111,-5608.339,3495.236,-16606.013,-18653.907,-12217.122,-4791.530
-13004.526,-18058.000,-9982.568,-15166.098,-1311.863,-7169.963,-3174.625,6646.921,-8986.755,-7107.788,-5598.730,3490.764,-16620.582,-18675.595,-12211.301,-4794.633
-13149.991,-18191.676,-10088.907,-15319.069,-986.149,-7281.552,-3295.886,6646.876,-9139.061,-7233.499,-5661.448,3378.720,-16758.348,-18816.596,-12354.840,-4911.730
-13294.698,-18352.442,-10272.500,-15456.998,-796.804,-7391.546,-3401.798,6642.465,-9275.841,-7397.680,-5820.603,3205.983,-16890.834,-18962.024,-12518.620,-5036.943
-13231.412,-18288.639,-10200.393,-15388.449,-981.155,-7343.203,-3357.332,6636.073,-9203.630,-7330.438,-5759.438,3279.454,-16831.777,-18904.738,-12445.462,-4982.871
-12996.622,-18044.159,-9993.445,-15144.617,-1491.576,-7146.424,-3146.143,6638.144,-8989.283,-7102.448,-5600.341,3503.861,-16600.538,-18662.506,-12214.873,-4770.164
-13004.039,-18089.384,-9980.966,-15161.879,-1313.201,-7170.403,-3143.426,6647.956,-8964.490,-7125.116,-5598.327,3489.726,-16627.817,-18660.862,-12239.876,-4789.381
-13143.007,-18211.143,-10083.906,-15309.855,-988.379,-7283.697,-3298.603,6638.819,-9138.399,-7238.185,-5661.505,3371.853,-16762.063,-18806.922,-12377.859,-4912.088
-13287.281,-18337.491,-10266.770,-15454.334,-799.390,-7396.551,-3404.696,6630.176,-9276.924,-7388.852,-5822.214,3211.493,-16895.918,-18952.603,-12538.068,-5043.150
-13215.713,-18263.177,-10184.710,-15394.888,-985.346,-7345.458,-3349.227,6626.801,-9205.555,-7316.434,-5760.934,3271.389,-16831.190,-18886.908,-12479.197,-4986.810
-12976.483,-18026.617,-9972.128,-15135.515,-1497.463,-7158.853,-3155.969,6635.938,-8964.370,-7082.069,-5599.535,3510.010,-16612.857,-18650.050,-12203.892,-4786.039
-12985.795,-18044.603,-9967.953,-15166.098,-1314.538,-7172.988,-3181.915,6644.761,-8997.045,-7090.842,-5598.154,3497.712,-16617.355,-18665.794,-12226.250,-4792.724
-13136.457,-18193.674,-10079.779,-15315.627,-987.665,-7279.407,-3287.328,6651.377,-9135.029,-7227.232,-5660.527,3375.207,-16747.592,-18809.578,-12395.057,-4907.433
-13282.138,-18344.522,-10258.370,-15459.051,-800.906,-7395.781,-3410.175,6628.601,-9269.462,-7392.830,-5818.301,3213.490,-16889.660,-18958.800,-12545.608,-5047.925
-13231.791,-18307.514,-10191.216,-15400.938,-984.901,-7342.653,-3343.521,6621.174,-9207.722,-7338.830,-5761.222,3274.743,-16829.235,-18892.093,-12498.379,-4987.407
-12990.450,-18057.630,-9985.724,-15157.606,-1493.003,-7153.464,-3152.211,6630.762,-8978.631,-7104.137,-5603.793,3502.424,-16603.275,-18663.391,-12260.779,-4781.981
-13002.144,-18066.068,-9977.615,-15172.536,-1314.093,-7173.538,-3170.459,6650.342,-8998.730,-7110.894,-5599.593,3493.719,-16629.284,-18677.428,-12288.825,-4798.214
-13140.246,-18197.375,-10081.041,-15335.443,-989.449,-7286.502,-3289.321,6645.886,-9168.487,-7228.595,-5662.829,3362.349,-16757.370,-18825.196,-12462.660,-4921.757
-13291.558,-18354.515,-10263.857,-15473.816,-800.371,-7403.700,-3400.801,6628.691,-9272.592,-7394.410,-5827.795,3201.751,-16910.878,-18966.640,-12620.090,-5057.235
-13222.967,-18281.089,-10187.671,-15408.376,-990.341,-7351.838,-3360.185,6612.036,-9218.794,-7322.373,-5767.724,3262.045,-16839.306,-18905.181,-12564.923,-5005.312
-12983.413,-18042.382,-9971.254,-15162.656,-1494.698,-7156.049,-3156.422,6624.370,-8987.778,-7090.406,-5608.281,3494.917,-16607.187,-18658.649,-12317.930,-4792.365
-13009.127,-18070.509,-9979.169,-15188.022,-1314.628,-7178.047,-3175.395,6639.944,-9003.424,-7105.936,-5598.384,3485.733,-16630.653,-18671.485,-12344.256,-4812.180
-13148.800,-18206.109,-10077.448,-15338.828,-989.449,-7290.406,-3294.618,6632.607,-9161.146,-7225.707,-5662.714,3362.589,-16762.747,-18820.580,-12513.329,-4922.831
-13301.357,-18367.172,-10269.295,-15481.808,-799.212,-7404.085,-3433.539,6627.566,-9287.756,-7404.709,-5818.416,3197.358,-16907.944,-18965.439,-12682.004,-5062.607
-13243.701,-18338.231,-10194.324,-15419.477,-986.060,-7354.258,-3345.559,6608.976,-9228.242,-7357.629,-5765.134,3255.656,-16844.390,-18886.022,-12622.604,-5005.312
-12992.832,-18062.737,-9978.975,-15170.816,-1494.965,-7160.228,-3161.176,6624.685,-8998.670,-7098.688,-5605.577,3491.723,-16621.462,-18638.036,-12379.447,-4785.562
-12996.893,-18057.482,-9973.391,-15189.021,-1316.501,-7184.702,-3188.707,6631.887,-9022.680,-7097.490,-5603.678,3479.264,-16638.084,-18675.279,-12390.692,-4812.657
-13148.692,-18197.375,-10082.498,-15333.666,-992.125,-7295.026,-3305.259,6637.559,-9162.951,-7216.552,-5668.755,3361.471,-16766.463,-18815.711,-12516.901,-4929.277
-13289.934,-18354.811,-10262.983,-15484.861,-803.136,-7408.925,-3420.906,6622.029,-9315.557,-7387.980,-5825.781,3189.372,-16912.442,-18961.013,-12685.047,-5063.323
-13232.766,-18297.965,-10193.110,-15415.758,-986.952,-7354.588,-3366.388,6610.056,-9236.366,-7322.864,-5763.811,3263.163,-16844.977,-18891.966,-12626.440,-5005.073
-12989.097,-18060.295,-9979.800,-15166.209,-1500.227,-7165.563,-3168.693,6613.972,-8991.870,-7095.201,-5607.130,3490.365,-16619.408,-18652.895,-12396.910,-4803.466
-13016.111,-18085.387,-9983.394,-15191.408,-1317.303,-7184.537,-3189.567,6628.781,-8987.056,-7108.497,-5598.902,3486.372,-16637.497,-18674.583,-12432.497,-4814.090
-13165.149,-18236.531,-10093.617,-15345.988,-992.660,-7295.301,-3293.305,6640.934,-9160.784,-7242.708,-5666.109,3358.596,-16768.223,-18816.280,-12587.546,-4940.139
-13307.745,-18385.676,-10274.539,-15487.747,-800.995,-7401.225,-3414.838,6626.260,-9309.419,-7405.417,-5823.365,3202.549,-16897.580,-18963.858,-12754.766,-5059.264
-13238.071,-18311.733,-10200.248,-15427.025,-983.384,-7344.468,-3350.223,6621.804,-9226.075,-7333.871,-5764.329,3267.555,-16836.079,-18902.336,-12701.187,-4999.105
-12997.488,-18077.171,-9983.151,-15178.142,-1492.914,-7153.739,-3154.158,6629.591,-8991.389,-7104.682,-5605.462,3497.393,-16608.751,-18660.925,-12479.461,-4792.007
-13017.140,-18095.749,-9985.384,-15207.116,-1311.060,-7173.153,-3171.998,6646.921,-9005.289,-7119.068,-5602.124,3484.535,-16628.795,-18674.520,-12518.488,-4800.363
-13156.433,-18236.087,-10089.199,-15356.978,-984.990,-7284.192,-3294.211,6634.723,-9158.438,-7243.907,-5664.612,3363.387,-16758.934,-18828.231,-12656.339,-4920.444
-13297.567,-18383.456,-10267.693,-15495.907,-797.963,-7399.575,-3414.838,6623.875,-9303.642,-7404.818,-5819.337,3206.143,-16901.393,-18973.406,-12810.991,-5055.564
-13232.874,-18330.755,-10194.469,-15428.302,-982.314,-7352.498,-3359.143,6614.017,-9229.144,-7342.644,-5759.265,3270.989,-16848.888,-18904.359,-12767.466,-5003.879
-13000.466,-18092.418,-9989.997,-15181.972,-1492.290,-7153.519,-3148.181,6632.202,-8984.228,-7121.847,-5602.585,3493.799,-16605.720,-18661.431,-12534.231,-4781.623
-13015.840,-18086.053,-9987.812,-15212.333,-1312.844,-7173.428,-3173.357,6654.438,-9021.537,-7111.112,-5600.110,3481.021,-16628.404,-18680.843,-12574.316,-4795.588
-13162.929,-18232.090,-10090.073,-15346.432,-991.590,-7289.251,-3293.532,6651.963,-9150.013,-7230.829,-5664.037,3358.915,-16763.432,-18822.856,-12729.365,-4909.343
-13301.627,-18380.125,-10268.324,-15489.801,-797.606,-7392.371,-3418.280,6644.085,-9287.455,-7408.850,-5822.501,3200.073,-16897.482,-18963.415,-12895.659,-5024.410
-13232.333,-18304.479,-10196.169,-15421.308,-982.136,-7337.979,-3328.036,6641.880,-9232.454,-7324.335,-5760.071,3263.003,-16832.266,-18890.891,-12832.555,-4962.579
-12989.097,-18062.367,-9978.150,-15173.313,-1489.525,-7144.664,-3143.472,6650.117,-8979.233,-7093.730,-5599.650,3502.344,-16598.289,-18659.029,-12596.145,-4752.020
-13009.182,-18088.125,-9981.743,-15188.633,-1310.168,-7162.373,-3176.979,6659.615,-9002.220,-7103.484,-5593.493,3488.289,-16620.386,-18676.480,-12608.581,-4754.885
-13147.176,-18222.689,-10082.255,-15342.381,-985.703,-7279.957,-3296.565,6665.691,-9152.480,-7229.521,-5660.642,3372.012,-16756.979,-18808.440,-12770.641,-4888.096
-13294.698,-18369.170,-10263.760,-15483.140,-798.052,-7395.946,-3402.930,6654.393,-9280.114,-7389.397,-5815.367,3205.903,-16901.784,-18957.156,-12928.998,-5017.129
-13232.657,-18306.033,-10195.004,-15420.642,-977.320,-7331.379,-3342.797,6653.943,-9224.631,-7325.043,-5756.216,3279.614,-16826.595,-18890.828,-12875.815,-4947.659
-12988.177,-18066.660,-9976.790,-15168.484,-1489.257,-7144.334,-3144.287,6650.252,-8977.849,-7093.348,-5592.976,3498.910,-16605.035,-18655.045,-12632.261,-4746.410
-13001.440,-18082.870,-9977.761,-15194.960,-1305.263,-7160.173,-3153.388,6668.797,-9001.679,-7103.266,-5593.839,3494.358,-16619.897,-18671.674,-12657.926,-4756.317
-13156.108,-18228.833,-10088.470,-15342.825,-982.403,-7275.502,-3288.234,6664.386,-9142.431,-7234.371,-5654.888,3376.484,-16750.623,-18814.004,-12816.680,-4886.425
-13298.379,-18388.193,-10267.887,-15483.918,-791.541,-7388.081,-3405.375,6646.876,-9284.988,-7398.225,-5811.454,3214.049,-16907.162,-18958.926,-12960.881,-5018.442
-13234.065,-18315.211,-10196.509,-15413.149,-979.549,-7333.909,-3343.159,6645.346,-9218.012,-7327.822,-5755.180,3274.823,-16817.306,-18888.109,-12903.597,-4955.656
-12989.422,-18072.138,-9980.335,-15169.761,-1488.187,-7140.319,-3143.381,6656.059,-8975.141,-7093.512,-5597.061,3508.413,-16595.453,-18653.401,-12667.055,-4741.874
-13013.512,-18091.900,-9982.083,-15190.353,-1303.836,-7150.934,-3165.976,6677.710,-9000.415,-7105.227,-5592.343,3507.215,-16605.427,-18670.536,-12687.560,-4733.757
-13155.729,-18230.535,-10088.033,-15344.157,-980.530,-7265.383,-3294.800,6673.794,-9147.786,-7229.412,-5658.168,3379.200,-16743.095,-18820.327,-12856.500,-4857.538
-13302.764,-18382.197,-10269.684,-15488.968,-793.147,-7381.151,-3412.801,6655.519,-9294.676,-7392.721,-5816.690,3210.136,-16886.336,-18960.949,-13030.600,-4994.330
-13236.772,-18325.204,-10198.937,-15417.922,-977.409,-7329.619,-3347.461,6644.941,-9217.831,-7329.185,-5755.410,3280.253,-16820.924,-18895.697,-12971.861,-4940.019
-12995.485,-18088.199,-9985.821,-15178.753,-1481.141,-7128.990,-3141.343,6655.068,-8978.812,-7102.448,-5597.636,3519.035,-16584.209,-18658.523,-12750.400,-4726.715
-13023.203,-18107.444,-9993.251,-15198.901,-1303.033,-7149.724,-3165.116,6686.082,-9005.229,-7112.965,-5590.732,3502.344,-16606.502,-18678.187,-12777.256,-4737.219
-13159.790,-18250.224,-10095.171,-15346.210,-982.225,-7278.142,-3279.676,6670.868,-9148.629,-7240.692,-5655.406,3371.773,-16760.303,-18821.023,-12925.161,-4897.167
-13314.458,-18396.631,-10281.289,-15485.527,-783.604,-7368.612,-3420.091,6650.522,-9262.121,-7399.478,-5801.672,3218.761,-16878.123,-18957.788,-13077.300,-4979.648
-13230.059,-18324.908,-10198.597,-15429.356,-974.555,-7324.065,-3326.496,6679.735,-9251.951,-7327.714,-5761.624,3292.392,-16809.191,-18903.158,-13026.234,-4963.534
-12990.504,-18082.426,-9979.752,-15167.707,-1481.141,-7133.170,-3161.131,6646.021,-8983.385,-7090.896,-5590.674,3519.115,-16592.911,-18653.717,-12772.493,-4716.092
-13014.758,-18094.343,-9987.618,-15190.631,-1297.950,-7145.819,-3178.202,6662.000,-8994.638,-7099.615,-5585.898,3515.122,-16599.560,-18669.778,-12799.085,-4736.980
-13144.902,-18242.452,-10085.751,-15337.718,-972.147,-7261.423,-3284.476,6671.003,-9150.013,-7227.178,-5651.206,3384.311,-16737.619,-18810.590,-12936.406,-4857.777
-13288.093,-18384.788,-10264.148,-15480.032,-786.814,-7377.247,-3386.312,6643.365,-9282.942,-7388.089,-5807.714,3219.240,-16882.914,-18951.844,-13090.529,-4994.569
-13216.633,-18321.059,-10187.720,-15417.645,-980.263,-7332.479,-3308.927,6640.754,-9230.408,-7315.017,-5752.073,3265.239,-16825.911,-18889.374,-13030.997,-4947.420
-12978.432,-18079.021,-9974.362,-15157.106,-1490.149,-7141.364,-3169.191,6640.799,-8969.304,-7080.924,-5586.876,3500.906,-16602.493,-18641.704,-12783.209,-4733.996
-13003.335,-18086.571,-9981.548,-15193.073,-1304.995,-7153.354,-3169.055,6663.396,-9010.886,-7092.422,-5594.011,3507.934,-16607.382,-18671.105,-12812.182,-4737.338
-13132.667,-18229.869,-10075.651,-15334.776,-979.638,-7270.497,-3276.461,6667.942,-9153.864,-7214.155,-5653.507,3386.387,-16741.139,-18807.428,-12952.546,-4870.669
-13269.687,-18370.873,-10252.009,-15472.539,-792.612,-7378.677,-3403.156,6655.293,-9282.581,-7372.995,-5811.684,3226.827,-16877.927,-18950.770,-13099.525,-4992.182
-13208.729,-18312.991,-10186.166,-15415.036,-974.109,-7320.050,-3337.409,6659.840,-9223.007,-7308.860,-5751.555,3291.673,-16808.995,-18891.903,-13046.475,-4934.170
-12970.203,-18066.290,-9969.798,-15156.773,-1478.912,-7120.136,-3134.189,6655.609,-8980.256,-7074.276,-5590.904,3526.062,-16578.147,-18648.216,-12791.147,-4704.036
-12985.903,-18090.568,-9971.691,-15183.582,-1299.377,-7151.209,-3163.305,6684.912,-8994.819,-7084.357,-5584.978,3519.434,-16609.631,-18664.846,-12815.357,-4732.922
-13118.646,-18230.239,-10076.331,-15332.112,-969.025,-7250.478,-3272.476,6674.829,-9143.333,-7212.847,-5648.674,3400.203,-16716.891,-18804.899,-12964.717,-4850.019
-13266.655,-18382.419,-10256.233,-15475.314,-785.477,-7365.202,-3395.821,6663.396,-9284.506,-7376.483,-5805.700,3227.625,-16863.065,-18952.730,-13120.031,-4982.632
-13205.102,-18317.876,-10184.370,-15414.037,-975.714,-7322.030,-3328.896,6642.510,-9224.812,-7306.952,-5751.728,3292.152,-16810.658,-18891.650,-13080.475,-4935.603
-12968.092,-18078.281,-9973.051,-15162.878,-1490.328,-7136.140,-3154.611,6639.854,-8972.915,-7077.927,-5589.811,3512.406,-16588.902,-18651.631,-12831.761,-4733.519
-12989.747,-18097.822,-9976.741,-15192.740,-1302.320,-7144.609,-3172.542,6654.483,-8999.332,-7086.864,-5587.222,3508.892,-16601.320,-18677.302,-12866.158,-4723.850
-13149.016,-18249.928,-10090.607,-15343.213,-975.179,-7259.278,-3291.494,6665.241,-9152.059,-7218.841,-5650.803,3379.280,-16737.521,-18817.229,-13009.433,-4849.660
-13277.861,-18391.449,-10262.400,-15484.861,-794.128,-7382.581,-3415.246,6651.737,-9287.034,-7377.627,-5811.972,3215.486,-16886.531,-18961.961,-13165.011,-5002.208
-13229.193,-18343.708,-10201.364,-15419.643,-973.039,-7315.320,-3345.378,6654.123,-9223.247,-7316.979,-5747.585,3284.326,-16813.102,-18896.645,-13107.198,-4915.311
-12983.575,-18095.897,-9984.025,-15175.534,-1486.493,-7131.575,-3145.147,6662.090,-8982.904,-7081.796,-5593.493,3510.729,-16592.031,-18658.270,-12868.936,-4720.985
-12992.237,-18126.615,-9983.054,-15203.785,-1303.925,-7151.044,-3164.437,6676.179,-9007.335,-7094.384,-5589.235,3502.583,-16610.022,-18679.894,-12888.251,-4734.712
-13139.001,-18247.781,-10086.722,-15346.488,-977.409,-7265.713,-3297.426,6672.938,-9157.114,-7214.754,-5651.954,3378.321,-16744.757,-18815.205,-13027.689,-4855.867
-13280.406,-18400.110,-10269.247,-15492.687,-792.790,-7379.392,-3405.420,6651.918,-9300.935,-7381.768,-5811.914,3214.927,-16884.283,-18966.324,-13190.676,-4993.375
-13211.328,-18332.457,-10193.207,-15426.803,-980.352,-7334.129,-3348.910,6645.526,-9234.320,-7307.061,-5753.339,3281.611,-16825.422,-18899.996,-13107.066,-4953.269
-12970.636,-18094.861,-9979.169,-15177.976,-1489.257,-7135.040,-3150.400,6652.368,-9008.058,-7078.690,-5594.989,3509.531,-16591.542,-18659.408,-12867.084,-4725.163
-12990.288,-18111.367,-9980.917,-15208.115,-1303.122,-7151.484,-3168.648,6672.533,-9004.748,-7091.114,-5587.394,3505.299,-16609.631,-18680.716,-12903.597,-4740.800
-13135.699,-18263.399,-10088.713,-15342.103,-977.320,-7271.872,-3297.018,6658.940,-9156.873,-7220.966,-5645.222,3381.915,-16746.517,-18809.957,-13034.965,-4876.637
-13269.795,-18399.887,-10261.235,-15498.848,-786.190,-7371.087,-3396.273,6655.969,-9294.797,-7373.758,-5812.835,3230.181,-16872.354,-18971.066,-13192.396,-4988.601
-13199.417,-18329.349,-10188.400,-15421.530,-974.466,-7323.680,-3337.092,6649.037,-9212.897,-7303.792,-5751.497,3285.923,-16813.395,-18897.404,-13108.389,-4939.781
-12957.698,-18091.974,-9972.226,-15152.333,-1487.384,-7133.665,-3141.842,6653.223,-8985.792,-7071.116,-5589.351,3516.160,-16588.120,-18648.785,-12850.150,-4732.683
-12987.365,-18108.628,-9979.606,-15185.746,-1304.014,-7155.279,-3171.002,6662.676,-8995.601,-7077.165,-5583.251,3510.490,-16606.600,-18667.122,-12866.555,-4760.495
-13130.123,-18235.050,-10077.885,-15332.723,-975.714,-7264.668,-3287.690,6667.537,-9147.666,-7192.304,-5651.551,3387.026,-16738.108,-18805.405,-13002.289,-4873.414
-13257.073,-18372.057,-10251.960,-15471.818,-791.095,-7377.577,-3394.960,6656.734,-9279.813,-7351.145,-5808.404,3225.229,-16876.754,-18948.746,-13137.361,-5003.879
-13177.600,-18275.686,-10167.812,-15387.284,-980.709,-7331.049,-3337.092,6646.426,-9224.932,-7260.799,-5749.426,3294.708,-16818.675,-18869.709,-13027.160,-4953.388
-12954.125,-18052.227,-9959.504,-15157.772,-1485.779,-7128.000,-3152.709,6655.023,-9003.063,-7030.411,-5588.948,3520.073,-16582.449,-18634.748,-12782.151,-4713.227
-12946.437,-18026.839,-9944.257,-15161.824,-1304.906,-7149.999,-3177.749,6667.672,-9008.539,-7011.558,-5586.646,3507.695,-16607.969,-18647.141,-12743.653,-4727.192
-13069.219,-18140.530,-10035.883,-15294.425,-987.755,-7286.777,-3287.736,6661.235,-9172.639,-7119.395,-5649.480,3368.259,-16768.027,-18774.169,-12846.843,-4873.295
-13212.843,-18260.438,-10208.308,-15411.761,-805.455,-7394.571,-3416.695,6641.970,-9317.423,-7259.872,-5807.656,3199.674,-16893.669,-18902.462,-12946.593,-5005.670
-13141.600,-18170.655,-10130.569,-15335.220,-997.030,-7353.378,-3369.920,6631.482,-9253.937,-7173.777,-5750.289,3254.698,-16848.692,-18833.289,-12845.652,-4955.059
-12893.059,-17905.672,-9908.471,-15063.359,-1508.522,-7158.028,-3177.477,6610.956,-9015.640,-6926.661,-5590.099,3481.660,-16615.106,-18581.825,-12556.192,-4729.938
-12901.450,-17897.308,-9902.110,-15090.500,-1326.311,-7178.432,-3203.559,6649.217,-9039.770,-6918.160,-5590.732,3465.129,-16642.679,-18599.277,-12534.628,-4744.739
-13028.941,-18005.966,-9994.270,-15228.985,-1004.700,-7303.166,-3319.206,6634.678,-9197.552,-7022.292,-5652.069,3330.884,-16786.116,-18729.782,-12647.475,-4885.470
-13162.388,-18134.978,-10165.433,-15377.793,-823.738,-7421.409,-3455.002,6606.410,-9339.507,-7175.303,-5809.900,3165.334,-16934.050,-18875.653,-12796.571,-5016.055
-13088.708,-18064.514,-10088.713,-15314.517,-1011.835,-7371.252,-3370.463,6611.811,-9285.469,-7101.304,-5754.374,3229.702,-16876.265,-18811.917,-12720.105,-4964.608
-12856.354,-17814.778,-9874.967,-15067.743,-1515.746,-7171.338,-3196.314,6623.290,-9035.739,-6863.288,-5594.587,3464.490,-16637.595,-18570.128,-12461.998,-4736.980
-12860.306,-17818.849,-9867.343,-15083.451,-1339.868,-7194.546,-3217.777,6646.786,-9058.786,-6863.778,-5587.567,3444.685,-16665.070,-18582.711,-12471.788,-4743.665
-13000.845,-17953.413,-9970.186,-15222.713,-1011.746,-7307.675,-3316.398,6652.503,-9205.255,-6983.822,-5651.551,3321.141,-16800.293,-18716.631,-12614.269,-4850.257
-13144.577,-18096.859,-10150.963,-15359.587,-824.184,-7411.015,-3440.377,6641.295,-9331.444,-7144.788,-5813.583,3171.404,-16925.153,-18867.496,-12757.279,-4973.441
-13065.267,-18021.584,-10070.407,-15296.700,-1010.051,-7362.012,-3373.316,6642.915,-9270.305,-7069.045,-5749.944,3228.344,-16868.541,-18799.904,-12688.222,-4913.401
-12825.767,-17789.168,-9857.632,-15044.098,-1521.543,-7167.268,-3173.176,6632.652,-9026.231,-6842.799,-5589.120,3461.535,-16634.466,-18561.971,-12459.088,-4705.349
-12850.453,-17811.818,-9863.944,-15086.338,-1334.249,-7181.622,-3197.310,6659.210,-9053.671,-6858.166,-5594.644,3460.897,-16653.923,-18594.218,-12496.792,-4712.033
-13001.494,-17976.729,-9974.993,-15242.805,-1006.573,-7291.616,-3307.614,6665.646,-9196.770,-6997.608,-5653.392,3342.384,-16774.285,-18736.611,-12666.261,-4830.443
-13142.141,-18127.503,-10154.993,-15379.791,-823.471,-7401.775,-3431.638,6648.992,-9334.693,-7160.100,-5811.224,3185.060,-16909.411,-18880.522,-12820.252,-4962.699
-13078.368,-18059.703,-10085.897,-15316.460,-1005.949,-7354.038,-3364.849,6650.837,-9267.416,-7093.021,-5751.267,3245.913,-16859.056,-18815.585,-12758.735,-4916.146
-12845.797,-17825.733,-9871.713,-15057.975,-1518.065,-7160.943,-3181.281,6640.799,-9015.580,-6861.980,-5588.430,3478.306,-16619.800,-18572.151,-12515.710,-4703.081
-12864.420,-17850.899,-9876.181,-15097.549,-1330.057,-7176.067,-3207.046,6648.902,-9030.202,-6876.638,-5591.997,3469.442,-16646.297,-18596.431,-12553.678,-4705.349
-13011.455,-18005.300,-9986.695,-15249.799,-1007.554,-7296.401,-3314.587,6664.476,-9202.306,-7011.285,-5658.916,3340.068,-16777.023,-18740.152,-12710.976,-4844.886
-13157.137,-18171.691,-10170.871,-15385.674,-819.992,-7405.570,-3426.159,6648.317,-9320.793,-7181.787,-5809.382,3179.070,-16917.037,-18882.229,-12877.667,-4964.131
-13097.478,-18108.332,-10103.911,-15334.055,-1005.414,-7353.488,-3371.686,6636.793,-9279.813,-7117.651,-5751.555,3240.802,-16857.199,-18820.959,-12823.956,-4911.014
-12871.999,-17888.870,-9894.049,-15085.949,-1511.911,-7153.464,-3180.511,6649.127,-9023.162,-6896.854,-5593.839,3477.907,-16619.213,-18586.062,-12589.001,-4694.964
-12895.820,-17915.146,-9903.906,-15100.991,-1326.668,-7174.913,-3196.269,6665.466,-9037.363,-6913.474,-5582.791,3469.761,-16644.341,-18603.513,-12612.682,-4711.556
-13045.399,-18068.141,-10012.625,-15270.502,-998.011,-7288.811,-3310.919,6654.753,-9186.540,-7050.137,-5653.220,3341.825,-16775.361,-18757.793,-12786.913,-4844.408
-13196.061,-18230.461,-10198.354,-15408.764,-813.036,-7398.255,-3429.645,6650.162,-9328.495,-7218.241,-5804.664,3179.629,-16917.135,-18901.008,-12948.842,-4968.667
-13132.559,-18170.951,-10127.947,-15337.385,-997.833,-7343.203,-3367.656,6648.317,-9260.797,-7153.397,-5749.541,3245.594,-16851.234,-18833.289,-12882.298,-4906.120
-12898.364,-17939.942,-9918.473,-15104.654,-1503.349,-7146.534,-3172.632,6648.992,-9022.018,-6929.821,-5591.192,3490.445,-16611.782,-18601.932,-12658.059,-4695.919
-12916.987,-17970.955,-9925.368,-15138.623,-1320.692,-7167.268,-3192.420,6661.505,-9035.739,-6950.637,-5588.718,3478.865,-16633.781,-18628.425,-12704.626,-4716.569
-13062.235,-18112.329,-10032.047,-15273.555,-994.890,-7281.772,-3326.632,6662.811,-9178.837,-7076.511,-5648.559,3354.443,-16767.343,-18760.828,-12842.080,-4841.902
-13218.474,-18273.984,-10218.796,-15413.593,-809.468,-7388.576,-3442.233,6651.918,-9314.233,-7245.868,-5803.168,3202.230,-16898.949,-18907.521,-13009.829,-4971.532
-13153.347,-18219.951,-10151.254,-15363.084,-995.246,-7344.138,-3379.972,6634.363,-9246.295,-7186.800,-5746.952,3275.222,-16836.079,-18850.235,-12965.379,-4929.515
-12913.143,-17982.354,-9934.449,-15127.078,-1503.884,-7149.889,-3169.463,6641.970,-9023.643,-6959.900,-5593.436,3497.393,-16610.609,-18617.487,-12737.700,-4720.508
-12933.661,-18003.893,-9938.867,-15139.678,-1322.119,-7171.613,-3183.500,6658.039,-9034.655,-6970.090,-5587.567,3486.611,-16624.004,-18633.863,-12748.945,-4740.561
-13078.909,-18158.738,-10046.614,-15285.710,-990.341,-7282.267,-3310.512,6655.744,-9186.781,-7104.900,-5647.351,3372.891,-16758.543,-18773.600,-12907.169,-4865.417
-13233.036,-18314.767,-10230.644,-15439.125,-806.882,-7387.476,-3422.581,6635.218,-9319.409,-7272.623,-5809.210,3198.476,-16889.954,-18923.012,-13069.097,-4987.885
-13162.009,-18252.074,-10161.062,-15366.914,-994.354,-7342.324,-3368.969,6626.846,-9251.711,-7205.926,-5748.275,3266.677,-16835.004,-18855.736,-13011.682,-4946.465
-12921.968,-18016.180,-9945.325,-15135.737,-1502.100,-7145.874,-3160.044,6642.150,-9019.732,-6982.187,-5595.220,3498.830,-16601.516,-18625.643,-12780.563,-4732.922
-12942.918,-18038.682,-9952.414,-15152.222,-1320.425,-7165.343,-3186.262,6654.933,-9047.714,-6991.995,-5589.178,3490.045,-16622.244,-18642.146,-12795.645,-4740.681
-13091.415,-18187.161,-10061.473,-15302.195,-999.171,-7287.216,-3301.818,6649.442,-9170.172,-7123.046,-5656.327,3359.474,-16764.703,-18784.160,-12949.768,-4871.743
-13238.883,-18338.083,-10242.832,-15448.506,-814.374,-7395.726,-3421.902,6639.494,-9310.743,-7288.698,-5812.087,3204.066,-16899.633,-18933.002,-13113.416,-4997.076
-13182.581,-18287.233,-10177.766,-15376.738,-997.387,-7345.238,-3359.551,6621.039,-9245.392,-7224.998,-5748.505,3266.198,-16839.892,-18865.410,-13043.432,-4940.855
-12945.084,-18053.189,-9964.991,-15131.185,-1504.508,-7148.569,-3165.252,6639.089,-8997.406,-6999.352,-5586.128,3499.309,-16606.013,-18627.034,-12806.758,-4727.551
-12958.131,-18070.583,-9968.050,-15165.210,-1323.903,-7170.513,-3181.870,6656.149,-9031.767,-7011.558,-5586.186,3482.778,-16629.968,-18650.240,-12840.625,-4747.723
-13114.531,-18215.732,-10077.205,-15312.131,-992.927,-7286.557,-3299.237,6655.113,-9186.901,-7139.175,-5649.192,3365.863,-16762.943,-18786.942,-12989.721,-4877.234
-13261.079,-18376.424,-10261.235,-15459.273,-808.041,-7395.286,-3422.808,6626.305,-9325.968,-7309.786,-5805.757,3199.674,-16901.491,-18932.370,-13153.237,-4997.792
-13198.930,-18311.807,-10196.169,-15393.833,-992.125,-7342.653,-3364.668,6630.582,-9251.049,-7242.817,-5746.031,3266.357,-16836.568,-18870.721,-13098.334,-4944.197
-12966.630,-18076.505,-9981.791,-15148.003,-1501.565,-7151.099,-3173.764,6634.003,-9016.121,-7017.497,-5586.301,3486.611,-16612.955,-18629.943,-12853.590,-4735.787
-12973.993,-18100.264,-9981.451,-15182.139,-1313.468,-7165.343,-3179.424,6653.223,-9055.717,-7031.065,-5588.718,3488.049,-16624.688,-18654.160,-12886.796,-4744.978
-13113.611,-18237.937,-10083.615,-15321.289,-987.219,-7282.982,-3298.286,6652.953,-9195.867,-7155.631,-5650.803,3359.554,-16761.085,-18793.202,-13027.954,-4871.146
-13262.270,-18387.008,-10266.819,-15468.820,-799.568,-7386.871,-3420.906,6648.542,-9307.494,-7320.030,-5805.642,3210.455,-16902.469,-18941.601,-13189.353,-4989.317
-13196.711,-18324.908,-10195.926,-15406.766,-983.830,-7324.669,-3351.446,6652.188,-9252.011,-7255.350,-5751.095,3276.979,-16815.449,-18880.205,-13130.482,-4920.563
-12970.095,-18092.344,-9984.753,-15153.221,-1492.290,-7131.135,-3139.668,6657.364,-8999.031,-7026.270,-5585.783,3511.049,-16591.640,-18636.898,-12878.197,-4711.794
-12980.543,-18111.367,-9987.472,-15179.197,-1304.817,-7147.469,-3183.817,6673.704,-9009.261,-7037.114,-5585.035,3510.729,-16604.742,-18657.701,-12905.581,-4727.312
-13117.292,-18250.742,-10090.752,-15330.392,-979.460,-7264.943,-3289.728,6673.659,-9166.020,-7163.260,-5649.134,3382.154,-16742.312,-18798.197,-13050.047,-4851.332
-13254.853,-18402.922,-10267.207,-15475.758,-795.377,-7370.152,-3399.307,6659.300,-9305.508,-7327.877,-5807.081,3225.629,-16873.136,-18946.217,-13197.291,-4966.757
-13200.284,-18351.554,-10202.724,-15416.701,-976.874,-7315.540,-3344.970,6654.528,-9245.633,-7270.989,-5748.505,3293.350,-16810.853,-18884.631,-13170.038,-4911.133
-12954.179,-18101.078,-9980.869,-15157.161,-1487.920,-7128.055,-3137.042,6660.740,-8995.421,-7031.937,-5590.156,3519.194,-16584.209,-18640.566,-12901.083,-4710.481
-12980.489,-18119.731,-9990.192,-15165.376,-1304.728,-7146.919,-3169.508,6677.620,-9014.196,-7039.566,-5581.353,3507.615,-16605.133,-18652.073,-12905.317,-4725.641
-13127.795,-18270.431,-10096.725,-15328.615,-976.249,-7263.623,-3289.230,6672.668,-9172.459,-7174.812,-5651.436,3382.554,-16736.641,-18803.508,-13071.346,-4855.748
-13268.658,-18423.647,-10279.152,-15478.645,-793.504,-7369.272,-3397.949,6666.277,-9303.342,-7345.096,-5806.851,3227.785,-16871.474,-18954.247,-13235.524,-4971.770
-13209.324,-18359.548,-10210.736,-15410.041,-975.357,-7310.590,-3352.261,6659.840,-9232.033,-7276.165,-5748.390,3301.017,-16803.031,-18888.678,-13171.626,-4907.791
-12966.522,-18123.506,-9992.619,-15156.384,-1483.193,-7117.001,-3138.581,6667.582,-8996.985,-7048.175,-5588.718,3530.455,-16570.618,-18648.153,-12926.352,-4695.203
-12991.262,-18139.049,-9997.912,-15163.989,-1303.033,-7141.309,-3168.648,6678.610,-9002.943,-7052.208,-5578.476,3518.635,-16596.725,-18655.741,-12929.659,-4716.927
-13140.138,-18289.601,-10109.204,-15311.742,-976.071,-7259.993,-3289.049,6673.614,-9164.275,-7185.710,-5647.120,3387.904,-16734.881,-18799.525,-13084.708,-4843.573
-13279.377,-18436.378,-10285.416,-15466.822,-794.485,-7367.677,-3401.073,6662.991,-9297.866,-7349.019,-5803.744,3226.507,-16868.443,-18950.643,-13242.138,-4973.322
-13221.505,-18379.089,-10221.176,-15408.265,-976.695,-7313.890,-3343.929,6654.798,-9239.735,-7286.300,-5746.664,3291.354,-16805.378,-18886.339,-13186.972,-4913.640
-12983.142,-18142.898,-10005.875,-15165.598,-1486.493,-7122.060,-3137.766,6664.881,-8987.899,-7061.526,-5587.682,3517.837,-16579.223,-18654.097,-12948.974,-4703.439
-13006.421,-18162.439,-10013.062,-15182.361,-1299.644,-7141.199,-3174.534,6677.125,-9015.820,-7070.408,-5587.567,3512.326,-16597.409,-18670.220,-12962.997,-4718.956
-13155.459,-18311.807,-10122.800,-15335.887,-970.185,-7255.153,-3283.796,6678.295,-9172.519,-7205.327,-5654.025,3389.102,-16729.797,-18816.154,-13112.755,-4843.453
-13297.567,-18459.620,-10301.440,-15483.307,-791.095,-7365.697,-3396.817,6664.296,-9305.688,-7368.418,-5808.980,3231.698,-16868.345,-18962.973,-13275.212,-4972.964
-13229.030,-18392.782,-10229.964,-15405.989,-972.503,-7310.370,-3337.544,6663.576,-9238.833,-7298.343,-5744.765,3300.697,-16803.618,-18891.840,-13198.349,-4910.298
-12989.259,-18147.710,-10011.217,-15160.880,-1480.695,-7115.736,-3133.102,6674.604,-8986.515,-7063.542,-5588.142,3532.691,-16571.205,-18653.907,-12949.900,-4690.309
-13008.640,-18170.803,-10017.092,-15186.634,-1289.923,-7128.825,-3156.331,6699.901,-9010.344,-7078.418,-5583.136,3521.031,-16589.098,-18675.342,-12975.565,-4696.635
-13148.313,-18312.547,-10121.586,-15342.658,-961.177,-7235.794,-3265.503,6700.756,-9143.273,-7207.997,-5646.430,3410.105,-16710.046,-18819.126,-13126.645,-4811.702
-13287.065,-18459.768,-10300.566,-15476.924,-778.609,-7342.104,-3388.168,6691.349,-9278.068,-7367.437,-5798.220,3250.625,-16848.888,-18957.472,-13277.990,-4933.096
-13224.104,-18400.332,-10230.984,-15415.591,-963.495,-7288.426,-3313.772,6683.921,-9217.230,-7302.157,-5742.464,3316.589,-16779.174,-18894.811,-13211.446,-4876.756
-12982.763,-18150.966,-10013.110,-15159.215,-1471.598,-7094.177,-3120.696,6692.789,-8983.867,-7065.340,-5581.410,3553.934,-16545.783,-18649.228,-12954.663,-4670.136
-13005.554,-18171.321,-10019.471,-15183.748,-1283.947,-7112.491,-3150.626,6704.402,-8997.106,-7076.783,-5573.412,3549.701,-16561.916,-18665.668,-12982.312,-4680.879
-13150.207,-18318.986,-10124.111,-15323.731,-956.450,-7229.525,-3267.541,6699.676,-9133.585,-7207.997,-5639.468,3423.602,-16697.629,-18804.773,-13127.704,-4809.554
-13290.096,-18462.950,-10301.343,-15469.431,-775.220,-7339.189,-3381.059,6692.609,-9270.786,-7366.348,-5798.047,3262.923,-16833.537,-18953.046,-13273.624,-4939.661
-13220.206,-18387.601,-10226.323,-15404.712,-960.731,-7288.921,-3330.571,6682.931,-9226.316,-7293.112,-5736.249,3323.138,-16774.187,-18886.971,-13211.049,-4882.486
-12984.712,-18155.629,-10009.566,-15158.161,-1472.847,-7102.206,-3118.930,6684.597,-8967.198,-7064.686,-5581.353,3550.739,-16550.379,-18646.888,-12965.775,-4676.821
-13006.475,-18177.391,-10014.567,-15187.467,-1288.852,-7122.885,-3142.113,6701.116,-8992.532,-7079.344,-5577.325,3539.958,-16571.987,-18670.916,-12991.970,-4691.383
-13149.720,-18316.322,-10119.692,-15330.614,-966.706,-7243.329,-3266.227,6694.544,-9149.110,-7205.708,-5640.964,3412.581,-16708.678,-18805.152,-13134.715,-4824.713
-13293.453,-18468.206,-10300.857,-15478.534,-788.063,-7356.678,-3374.992,6685.317,-9290.043,-7367.710,-5799.083,3248.149,-16851.626,-18956.397,-13286.060,-4955.537
-13231.142,-18404.625,-10231.178,-15413.871,-973.484,-7303.991,-3313.500,6673.569,-9228.362,-7304.664,-5739.817,3316.669,-16787.289,-18893.104,-13226.131,-4895.974
-12992.129,-18161.033,-10013.936,-15156.384,-1481.944,-7109.796,-3131.608,6675.054,-8970.387,-7065.667,-5579.108,3541.316,-16558.103,-18646.952,-12966.966,-4678.253
-13013.837,-18181.388,-10019.180,-15184.692,-1292.420,-7126.350,-3140.845,6699.361,-8990.907,-7080.706,-5578.418,3535.007,-16576.289,-18668.766,-12988.001,-4694.606
-13147.122,-18319.208,-10121.926,-15342.325,-964.298,-7246.354,-3261.609,6691.574,-9151.939,-7207.234,-5647.868,3406.272,-16717.477,-18811.791,-13144.770,-4821.490
-13299.245,-18472.721,-10305.907,-15483.862,-781.285,-7348.813,-3376.440,6677.395,-9288.719,-7372.723,-5801.615,3249.108,-16847.030,-18957.788,-13296.511,-4943.123
-13232.224,-18407.289,-10233.946,-15418.589,-966.349,-7305.585,-3322.194,6671.903,-9230.829,-7303.901,-5740.738,3314.832,-16797.947,-18892.282,-13226.792,-4896.332
-12996.297,-18168.434,-10018.209,-15174.479,-1475.522,-7106.276,-3124.544,6671.993,-8997.406,-7074.059,-5583.366,3539.319,-16563.383,-18656.183,-12979.799,-4678.253
-13010.697,-18187.161,-10021.413,-15205.284,-1292.063,-7132.180,-3150.354,6689.818,-9012.691,-7084.303,-5584.460,3526.382,-16589.489,-18682.929,-13010.226,-4704.991
-13163.850,-18332.383,-10132.511,-15350.318,-955.469,-7241.679,-3278.182,6685.992,-9164.997,-7215.953,-5647.753,3405.873,-16717.282,-18823.109,-13156.015,-4826.384
-13287.606,-18466.873,-10299.934,-15490.911,-780.571,-7352.718,-3375.173,6672.758,-9307.734,-7369.671,-5805.470,3244.955,-16853.385,-18966.450,-13295.585,-4955.895
-13229.084,-18410.398,-10233.266,-15418.422,-961.979,-7295.906,-3325.545,6675.459,-9217.049,-7306.026,-5740.680,3316.989,-16786.409,-18895.633,-13231.952,-4892.751
-12984.874,-18161.995,-10014.324,-15172.814,-1472.668,-7104.736,-3115.081,6681.176,-8971.350,-7070.571,-5583.769,3545.468,-16555.757,-18658.333,-12986.413,-4680.998
-13010.806,-18182.424,-10021.899,-15195.737,-1287.425,-7120.081,-3126.944,6701.161,-8979.654,-7082.723,-5578.188,3535.725,-16569.836,-18677.808,-13005.596,-4691.861
-13145.985,-18323.723,-10127.170,-15343.935,-955.290,-7231.669,-3242.500,6705.573,-9157.595,-7209.032,-5644.128,3418.491,-16703.887,-18815.458,-13148.209,-4805.854
-13299.949,-18474.423,-10311.491,-15478.756,-779.679,-7344.853,-3362.539,6693.689,-9276.924,-7372.178,-5801.615,3254.698,-16837.741,-18960.317,-13297.570,-4945.033
-13236.176,-18410.620,-10242.055,-15421.641,-963.228,-7290.296,-3303.584,6685.002,-9226.196,-7307.334,-5745.341,3324.336,-16771.743,-18898.668,-13234.333,-4878.069
-12994.240,-18170.581,-10025.104,-15173.813,-1474.006,-7100.557,-3105.572,6685.137,-8975.743,-7077.273,-5587.049,3546.746,-16549.597,-18661.178,-12992.234,-4672.762
-13007.287,-18192.342,-10027.969,-15199.900,-1287.961,-7122.225,-3125.812,6702.242,-9001.739,-7089.861,-5584.057,3543.871,-16569.152,-18679.578,-13013.005,-4692.457
-13151.507,-18330.385,-10131.637,-15339.938,-959.928,-7237.609,-3240.644,6700.981,-9148.629,-7214.046,-5651.839,3417.373,-16703.887,-18818.051,-13146.622,-4814.209
-13297.513,-18484.638,-10311.685,-15481.808,-779.679,-7342.269,-3358.509,6690.178,-9286.432,-7376.428,-5804.376,3261.406,-16834.515,-18960.823,-13300.613,-4933.812
-13222.588,-18412.100,-10236.325,-15399.606,-963.852,-7292.276,-3292.762,6676.674,-9211.272,-7301.231,-5742.061,3326.971,-16775.458,-18883.620,-13219.251,-4880.456
-12986.877,-18169.101,-10023.162,-15161.657,-1474.631,-7105.121,-3101.768,6685.947,-8971.892,-7071.388,-5583.827,3549.222,-16550.379,-18649.923,-12980.725,-4677.059
-13009.182,-18192.564,-10027.580,-15188.300,-1297.236,-7130.970,-3137.540,6700.306,-9008.238,-7086.700,-5586.704,3536.923,-16577.365,-18670.852,-13002.156,-4699.022
-13160.060,-18336.973,-10136.930,-15336.220,-966.974,-7251.743,-3252.372,6690.583,-9149.712,-7215.190,-5652.184,3409.706,-16718.748,-18814.383,-13148.342,-4832.830
-13302.385,-18482.269,-10315.133,-15484.140,-790.917,-7360.858,-3356.336,6679.735,-9303.342,-7376.265,-5811.684,3244.236,-16856.123,-18963.795,-13304.714,-4956.253
-13240.128,-18420.760,-10247.736,-15422.529,-973.128,-7312.570,-3308.701,6662.315,-9234.801,-7311.257,-5752.648,3309.482,-16797.360,-18897.720,-13239.757,-4902.778
-13010.643,-18182.720,-10034.038,-15175.589,-1481.676,-7114.856,-3112.953,6676.990,-8996.865,-7082.668,-5592.515,3535.725,-16566.414,-18660.546,-12998.320,-4684.221
-13026.938,-18204.777,-10038.505,-15201.343,-1294.917,-7133.775,-3133.827,6692.609,-9012.330,-7095.310,-5589.581,3521.989,-16587.827,-18680.590,-13017.635,-4697.232
-13171.645,-18348.741,-10144.505,-15354.203,-967.420,-7253.998,-3243.542,6689.458,-9168.968,-7224.944,-5659.722,3397.567,-16727.059,-18823.552,-13164.614,-4827.101
-13305.688,-18488.413,-10318.386,-15495.518,-789.668,-7363.057,-3359.551,6678.565,-9302.619,-7382.259,-5814.734,3237.288,-16863.456,-18967.778,-13311.990,-4955.179
-13241.806,-18421.945,-10243.366,-15421.641,-972.771,-7310.370,-3299.871,6672.758,-9234.079,-7309.895,-5752.303,3306.367,-16797.556,-18895.570,-13243.726,-4898.122
-13001.007,-18179.167,-10025.104,-15168.262,-1480.784,-7114.636,-3103.081,6680.501,-8992.833,-7075.748,-5589.178,3539.639,-16565.143,-18653.338,-12989.588,-4684.937
-13018.601,-18194.711,-10031.416,-15197.569,-1294.204,-7135.370,-3105.979,6707.778,-9007.335,-7088.117,-5586.243,3535.406,-16584.014,-18674.077,-13016.444,-4702.603
-13164.662,-18337.787,-10136.201,-15352.871,-962.068,-7248.499,-3236.297,6685.137,-9153.985,-7216.825,-5652.989,3405.394,-16716.206,-18818.746,-13159.587,-4832.353
-13303.901,-18479.012,-10311.976,-15489.690,-784.317,-7352.058,-3358.328,6677.620,-9292.751,-7374.194,-5807.253,3248.549,-16846.248,-18959.305,-13300.216,-4953.149
-13228.760,-18405.143,-10236.519,-15422.640,-971.166,-7302.506,-3285.789,6673.299,-9230.950,-7300.958,-5751.267,3317.068,-16784.943,-18893.104,-13232.216,-4899.197
-12981.951,-18164.808,-10017.432,-15168.540,-1481.320,-7110.456,-3077.860,6670.688,-8979.233,-7069.699,-5589.120,3546.746,-16554.192,-18650.556,-12986.281,-4685.534
-13005.392,-18183.016,-10021.171,-15189.965,-1293.490,-7128.055,-3106.840,6698.055,-8999.813,-7078.581,-5584.920,3535.326,-16573.747,-18667.059,-13006.654,-4701.887
-13141.491,-18320.467,-10123.382,-15340.327,-961.533,-7244.649,-3222.486,6695.175,-9154.225,-7205.763,-5650.630,3409.626,-16706.527,-18808.819,-13154.956,-4829.607
-13285.874,-18471.611,-10303.139,-15488.524,-783.960,-7349.583,-3332.518,6680.320,-9299.791,-7369.236,-5809.152,3242.878,-16845.270,-18956.460,-13308.815,-4943.481
-13217.066,-18401.738,-10230.013,-15419.810,-967.241,-7301.791,-3273.065,6677.350,-9229.205,-7297.308,-5747.930,3318.266,-16782.009,-18890.259,-13241.609,-4891.199
-12984.008,-18167.176,-10017.189,-15168.373,-1480.249,-7106.991,-3089.135,6678.205,-8986.936,-7068.119,-5582.676,3544.510,-16553.019,-18646.383,-12991.837,-4675.985
-13005.879,-18186.347,-10025.929,-15198.512,-1297.236,-7137.405,-3097.693,6689.908,-9011.367,-7083.485,-5584.747,3531.094,-16586.458,-18671.738,-13016.444,-4705.707
-13149.070,-18326.388,-10129.064,-15342.658,-965.725,-7255.043,-3225.565,6694.770,-9155.369,-7208.324,-5655.866,3397.408,-16730.384,-18812.107,-13155.618,-4837.963
-13284.520,-18466.281,-10302.411,-15481.475,-795.287,-7367.237,-3342.344,6672.983,-9300.935,-7363.405,-5808.059,3236.410,-16856.221,-18952.666,-13296.511,-4966.996
-13222.317,-18402.552,-10234.043,-15412.483,-974.733,-7308.885,-3279.766,6674.199,-9227.941,-7297.090,-5748.851,3307.166,-16791.102,-18884.568,-13231.952,-4900.032
-12978.540,-18155.407,-10013.305,-15159.548,-1483.193,-7111.391,-3086.644,6680.095,-8986.394,-7059.292,-5583.424,3544.670,-16555.561,-18641.577,-12973.845,-4684.341
-12998.733,-18181.906,-10015.587,-15189.021,-1295.185,-7130.200,-3091.037,6695.130,-9015.038,-7072.751,-5583.999,3529.816,-16579.125,-18662.949,-12999.246,-4698.903
-13147.934,-18321.725,-10127.558,-15336.997,-965.190,-7248.829,-3226.924,6695.490,-9155.850,-7203.093,-5648.501,3401.401,-16717.868,-18805.089,-13146.093,-4826.146
-13289.230,-18472.647,-10306.441,-15482.252,-789.490,-7361.242,-3335.190,6674.739,-9300.694,-7366.239,-5807.196,3238.566,-16855.732,-18951.844,-13298.893,-4958.879
-13223.941,-18404.181,-10232.149,-15421.919,-975.001,-7312.515,-3279.721,6666.187,-9243.647,-7297.798,-5748.103,3300.697,-16798.338,-18886.592,-13240.286,-4906.955
-12976.970,-18162.883,-10013.742,-15166.819,-1486.671,-7123.490,-3078.766,6673.254,-8995.661,-7064.632,-5592.170,3532.771,-16573.356,-18642.715,-12982.180,-4697.351
-12999.383,-18183.386,-10017.529,-15189.576,-1300.090,-7139.934,-3091.218,6689.008,-9017.144,-7072.587,-5587.739,3521.271,-16589.294,-18657.890,-13005.199,-4702.245
-13125.575,-18318.690,-10112.312,-15341.992,-966.706,-7256.143,-3193.099,6716.961,-9167.705,-7196.826,-5655.809,3395.092,-16727.353,-18802.623,-13147.813,-4834.859
-13259.726,-18453.032,-10286.241,-15468.765,-788.063,-7358.878,-3295.750,6687.793,-9293.894,-7347.875,-5804.376,3241.681,-16854.265,-18939.515,-13283.017,-4946.226
-13199.039,-18381.457,-10215.057,-15402.159,-971.344,-7306.410,-3242.002,6688.783,-9220.058,-7279.162,-5744.017,3309.721,-16795.307,-18874.135,-13208.403,-4892.393
-12946.221,-18131.648,-9987.958,-15145.339,-1480.606,-7110.841,-3032.308,6707.598,-8993.254,-7038.040,-5586.186,3542.514,-16561.330,-18627.856,-12951.885,-4677.298
-12970.745,-18154.593,-9997.621,-15174.645,-1288.852,-7121.070,-3055.627,6725.423,-9004.447,-7053.352,-5581.295,3540.277,-16572.281,-18649.797,-12983.767,-4683.624
-13116.697,-18307.217,-10106.825,-15322.565,-951.901,-7230.900,-3120.831,6726.728,-9153.142,-7186.800,-5644.589,3420.966,-16700.269,-18790.167,-13125.852,-4801.557
-13253.283,-18443.632,-10283.668,-15464.047,-774.953,-7336.384,-3193.643,6720.022,-9284.326,-7345.314,-5797.817,3260.687,-16831.679,-18936.733,-13277.726,-4916.505
-13182.040,-18373.685,-10209.716,-15398.385,-961.623,-7294.091,-3129.571,6713.045,-9209.948,-7269.899,-5742.118,3326.013,-16778.196,-18873.060,-13209.594,-4878.547
-12947.033,-18140.752,-9992.328,-15161.158,-1472.668,-7097.312,-2937.535,6713.675,-8977.127,-7044.797,-5586.934,3554.732,-16543.828,-18638.985,-12976.094,-4660.826
-12966.901,-18161.477,-9997.087,-15180.695,-1283.858,-7118.156,-2963.481,6730.329,-9005.229,-7058.038,-5584.345,3539.479,-16566.610,-18658.649,-12988.662,-4679.566
-13114.261,-18304.849,-10105.416,-15335.720,-954.666,-7231.504,-3085.512,6735.011,-9151.878,-7189.252,-5652.817,3419.609,-16697.042,-18806.100,-13135.774,-4804.899
-13255.395,-18454.587,-10283.425,-15471.873,-785.209,-7347.658,-3189.658,6707.553,-9285.289,-7351.472,-5803.283,3257.653,-16838.035,-18946.723,-13287.648,-4937.035
-13193.138,-18391.598,-10217.291,-15401.604,-970.006,-7293.981,-3146.822,6708.228,-9227.038,-7282.868,-5744.420,3318.346,-16775.849,-18876.538,-13214.886,-4876.637
-12966.360,-18161.329,-10007.381,-15163.767,-1482.836,-7110.786,-2951.844,6699.001,-8986.153,-7058.801,-5587.049,3547.784,-16552.823,-18639.301,-12980.063,-4685.415
-12988.447,-18187.383,-10016.364,-15190.964,-1298.931,-7130.420,-2983.359,6714.170,-8998.309,-7074.331,-5580.144,3534.607,-16573.943,-18659.155,-13002.686,-4692.219
-13132.884,-18330.829,-10120.566,-15337.330,-970.363,-7252.403,-3103.942,6710.119,-9158.016,-7201.458,-5647.753,3409.626,-16714.740,-18800.536,-13148.606,-4821.729
-13279.540,-18474.645,-10300.080,-15469.153,-793.504,-7356.623,-3219.317,6692.969,-9323.260,-7360.354,-5795.976,3252.701,-16845.466,-18938.124,-13293.601,-4945.510
-13213.818,-18408.844,-10227.051,-15402.048,-974.644,-7305.640,-3169.146,6679.330,-9215.003,-7289.788,-5740.277,3323.857,-16783.085,-18868.824,-13222.427,-4896.809
-12969.662,-18163.179,-10009.420,-15159.326,-1483.906,-7109.081,-2975.707,6687.613,-8989.042,-7058.038,-5583.021,3551.138,-16552.530,-18630.638,-12979.666,-4680.760
-12996.622,-18188.419,-10017.529,-15188.910,-1300.714,-7138.450,-2992.732,6697.695,-9005.169,-7071.443,-5581.640,3538.201,-16578.929,-18654.539,-13004.538,-4704.513
-13142.791,-18330.903,-10126.053,-15341.604,-974.020,-7258.233,-3112.636,6697.605,-9159.039,-7198.788,-5650.055,3411.463,-16719.824,-18799.967,-13152.972,-4842.499
-13277.428,-18472.573,-10298.041,-15477.257,-799.568,-7368.392,-3227.965,6675.054,-9298.106,-7354.469,-5801.902,3242.399,-16858.079,-18939.262,-13293.601,-4954.940
-13223.346,-18418.096,-10235.937,-15409.264,-978.925,-7317.300,-3176.436,6672.083,-9235.403,-7292.294,-5742.464,3310.999,-16797.067,-18871.922,-13237.244,-4908.985
-12987.527,-18182.572,-10022.093,-15154.275,-1487.028,-7121.015,-2981.095,6678.610,-8984.168,-7068.174,-5577.210,3543.711,-16563.285,-18633.357,-12991.573,-4694.367
-13012.592,-18210.550,-10032.679,-15200.733,-1298.752,-7137.515,-2992.687,6709.489,-9014.436,-7086.809,-5582.446,3534.128,-16582.547,-18664.150,-13020.413,-4707.139
-13160.006,-18358.290,-10141.543,-15345.766,-965.368,-7257.628,-3122.144,6697.965,-9107.890,-7219.277,-5640.446,3410.345,-16720.606,-18802.939,-13169.773,-4838.560
-13292.099,-18496.184,-10312.899,-15486.582,-790.650,-7360.638,-3224.615,6695.400,-9298.949,-7374.903,-5802.305,3250.305,-16850.941,-18948.114,-13315.429,-4944.675
-13230.600,-18439.043,-10247.736,-15420.143,-975.090,-7312.900,-3155.607,6693.644,-9238.412,-7315.181,-5743.269,3315.791,-16793.645,-18885.137,-13254.839,-4901.226
-12984.820,-18195.007,-10027.483,-15173.979,-1478.287,-7113.096,-2951.255,6699.226,-8993.916,-7082.668,-5582.849,3541.715,-16563.579,-18648.280,-13009.433,-4679.924
-13013.729,-18224.244,-10040.593,-15209.225,-1285.642,-7126.790,-2972.220,6716.556,-9007.697,-7103.756,-5579.569,3536.524,-16576.974,-18673.824,-13038.802,-4694.248
-13166.286,-18376.572,-10150.866,-15372.742,-956.896,-7249.654,-2806.991,6730.780,-9171.496,-7241.727,-5655.982,3401.560,-16728.428,-18826.524,-13195.042,-4826.026
-13295.997,-18515.577,-10322.319,-15503.844,-784.050,-7358.933,-2910.910,6718.536,-9319.649,-7395.827,-5810.188,3237.208,-16849.963,-18965.818,-13340.169,-4944.316
-13229.301,-18452.218,-10248.756,-15434.629,-973.574,-7312.680,-2855.034,6704.402,-9246.475,-7329.893,-5751.152,3307.805,-16791.298,-18898.605,-13267.407,-4900.032
-12990.938,-18213.289,-10028.794,-15191.630,-1485.601,-7118.926,-2669.972,6722.227,-9007.997,-7096.400,-5595.105,3531.892,-16562.210,-18664.150,-13029.938,-4684.221
-13006.745,-18221.949,-10037.923,-15219.826,-1301.160,-7143.124,-2694.560,6730.690,-9034.475,-7105.609,-5594.069,3521.430,-16589.196,-18684.447,-13051.502,-4702.842
-13167.260,-18397.519,-10152.468,-15375.628,-967.152,-7262.578,-2806.855,6726.368,-9191.655,-7242.653,-5660.642,3392.377,-16728.722,-18830.444,-13206.948,-4839.037
-13302.872,-18517.131,-10323.339,-15511.836,-791.363,-7363.882,-2915.620,6711.694,-9320.793,-7396.644,-5813.755,3238.965,-16858.372,-18982.384,-13351.546,-4955.417
-13233.415,-18446.519,-10252.980,-15446.674,-974.020,-7310.865,-2858.838,6710.884,-9242.022,-7326.079,-5754.720,3301.416,-16796.578,-18902.842,-13279.975,-4893.467
-12990.071,-18210.106,-10033.941,-15194.627,-1481.766,-7113.536,-2664.946,6713.315,-9016.242,-7095.582,-5596.083,3534.448,-16562.112,-18668.007,-13030.467,-4682.550
-13013.458,-18228.833,-10040.982,-15215.719,-1294.739,-7138.889,-2683.466,6744.328,-9033.031,-7107.625,-5592.228,3519.913,-16585.383,-18686.660,-13046.740,-4707.139
-13162.550,-18380.273,-10150.574,-15369.134,-966.528,-7263.898,-2814.915,6729.879,-9176.912,-7240.310,-5656.269,3393.255,-16733.121,-18825.638,-13194.116,-4845.125
-13304.118,-18533.859,-10325.572,-15501.124,-793.236,-7367.952,-2922.004,6697.560,-9363.999,-7401.440,-5813.123,3234.413,-16858.861,-18963.162,-13336.597,-4960.908
-13239.370,-18465.985,-10256.476,-15438.348,-981.868,-7324.889,-2855.215,6702.287,-9259.112,-7331.255,-5755.007,3300.458,-16807.431,-18898.352,-13274.021,-4907.672
-12998.138,-18227.352,-10034.864,-15186.523,-1493.449,-7133.885,-2666.893,6702.467,-9005.651,-7096.509,-5591.364,3530.934,-16581.765,-18657.511,-13026.102,-4700.335
-13017.627,-18251.112,-10043.215,-15220.159,-1304.728,-7150.934,-2688.266,6727.314,-9035.378,-7113.401,-5591.940,3520.632,-16596.529,-18681.096,-13050.179,-4714.420
-13164.554,-18387.156,-10150.963,-15352.371,-967.866,-7264.778,-2809.708,6722.947,-9175.828,-7234.044,-5652.299,3399.644,-16728.917,-18814.826,-13177.182,-4840.947
-13298.379,-18524.089,-10320.134,-15500.236,-796.625,-7373.177,-2916.118,6705.933,-9304.124,-7391.686,-5807.196,3241.122,-16862.674,-18957.345,-13327.204,-4964.131
-13237.909,-18470.426,-10254.583,-15431.466,-981.601,-7326.099,-2864.317,6702.152,-9241.781,-7328.912,-5749.196,3307.485,-16800.587,-18894.495,-13268.862,-4921.757
-12995.268,-18225.946,-10037.486,-15184.137,-1496.303,-7139.714,-2668.161,6701.611,-9022.560,-7096.945,-5590.156,3531.014,-16578.929,-18654.602,-13021.604,-4707.378
-13021.741,-18257.996,-10046.906,-15219.604,-1302.855,-7153.739,-2705.246,6708.903,-9030.563,-7119.613,-5585.150,3512.806,-16607.773,-18678.440,-13052.825,-4720.031
-13167.585,-18397.371,-10153.633,-15362.307,-965.279,-7262.743,-2804.818,6721.732,-9171.014,-7243.689,-5651.263,3395.811,-16723.344,-18819.189,-13190.014,-4834.979
-13307.474,-18537.190,-10329.408,-15494.963,-790.204,-7359.703,-2906.880,6712.459,-9304.726,-7397.734,-5803.744,3239.444,-16850.843,-18959.432,-13333.686,-4949.210
-13231.142,-18476.644,-10250.407,-15418.755,-975.268,-7316.035,-2851.185,6707.643,-9167.223,-7325.861,-5739.357,3317.947,-16792.862,-18882.924,-13247.695,-4903.255
-12985.957,-18218.618,-10026.415,-15168.928,-1490.506,-7122.060,-2666.757,6713.225,-8987.778,-7089.044,-5587.049,3541.395,-16562.699,-18647.141,-12999.907,-4688.280
-13010.481,-18250.520,-10040.059,-15205.062,-1304.728,-7149.559,-2679.391,6729.564,-9023.824,-7104.192,-5589.408,3527.660,-16592.325,-18674.457,-13025.043,-4710.959
-13164.066,-18391.820,-10153.196,-15352.149,-974.376,-7270.992,-2805.542,6728.034,-9167.584,-7237.531,-5655.924,3396.210,-16733.024,-18818.051,-13175.462,-4838.679
-13300.057,-18532.675,-10325.572,-15487.747,-800.906,-7373.012,-2911.861,6713.135,-9306.531,-7400.459,-5807.656,3239.524,-16862.185,-18959.179,-13330.511,-4962.937
-13238.071,-18472.277,-10261.332,-15428.857,-983.384,-7320.930,-2866.988,6703.547,-9238.532,-7327.659,-5751.613,3308.763,-16799.902,-18900.692,-13259.866,-4904.807
-12998.354,-18232.460,-10042.924,-15180.307,-1490.952,-7122.170,-2669.972,6706.293,-9003.544,-7101.304,-5588.257,3536.923,-16564.263,-18663.960,-13016.841,-4692.219
-13016.544,-18251.334,-10047.246,-15213.443,-1296.166,-7134.600,-2677.443,6729.204,-9018.288,-7116.834,-5590.041,3536.444,-16575.507,-18693.552,-13040.786,-4702.007
-13167.315,-18395.743,-10160.091,-15363.694,-956.985,-7248.939,-2805.180,6736.496,-9177.874,-7249.083,-5653.853,3413.380,-16709.851,-18832.846,-13198.614,-4825.191
-13299.191,-18529.862,-10328.243,-15505.287,-784.674,-7350.628,-2916.706,6720.427,-9307.554,-7402.312,-5812.950,3246.951,-16844.195,-18975.808,-13339.507,-4938.468
-13228.164,-18462.580,-10252.349,-15438.515,-969.560,-7303.276,-2848.604,6712.279,-9196.168,-7333.599,-5751.095,3315.950,-16786.018,-18907.331,-13269.126,-4891.677
-12984.441,-18229.129,-10034.718,-15188.522,-1481.141,-7115.571,-2662.456,6720.922,-8996.083,-7104.246,-5595.450,3536.684,-16559.961,-18671.548,-13016.312,-4689.951
-13010.210,-18244.302,-10042.876,-15220.881,-1294.114,-7138.230,-2688.492,6737.306,-9018.047,-7116.943,-5595.680,3522.309,-16586.556,-18695.891,-13047.269,-4696.516
-13165.907,-18404.255,-10156.061,-15369.966,-963.050,-7262.963,-2810.704,6726.909,-9174.866,-7252.789,-5662.081,3402.998,-16725.593,-18834.554,-13193.322,-4842.260
-13306.175,-18535.636,-10334.847,-15499.958,-789.401,-7361.352,-2924.495,6710.659,-9302.319,-7406.889,-5814.906,3249.906,-16852.017,-18969.675,-13334.348,-4952.672
-13239.316,-18475.756,-10264.245,-15442.844,-968.490,-7304.816,-2849.555,6715.520,-9255.441,-7340.464,-5755.238,3316.030,-16792.276,-18908.532,-13280.371,-4889.051
-12994.781,-18222.097,-10039.331,-15186.801,-1480.071,-7110.566,-2670.606,6717.501,-9003.304,-7103.266,-5592.458,3541.555,-16549.988,-18663.581,-13023.720,-4677.656
-13011.780,-18245.413,-10045.012,-15223.712,-1292.509,-7134.435,-2678.032,6734.831,-9041.215,-7120.594,-5595.968,3529.656,-16579.907,-18693.299,-13051.634,-4697.351
-13156.758,-18389.599,-10151.788,-15376.460,-961.801,-7253.723,-2806.448,6731.140,-9189.669,-7249.737,-5664.785,3397.647,-16719.628,-18837.462,-13194.645,-4832.830
-13302.494,-18536.894,-10329.457,-15506.841,-786.993,-7361.572,-2914.714,6702.872,-9321.334,-7407.270,-5815.884,3231.778,-16856.710,-18975.872,-13330.511,-4961.505
-13240.615,-18478.568,-10262.691,-15440.624,-971.433,-7309.545,-2862.641,6697.335,-9246.234,-7341.827,-5757.769,3298.940,-16792.765,-18910.303,-13269.788,-4903.494
-13008.099,-18253.703,-10049.236,-15195.848,-1480.874,-7116.231,-2696.597,6699.631,-9012.932,-7116.071,-5595.392,3533.330,-16560.939,-18672.370,-13023.588,-4684.818
-13027.750,-18254.517,-10057.248,-15226.376,-1296.077,-7144.829,-2700.854,6707.463,-8996.624,-7127.678,-5588.833,3525.583,-16586.263,-18688.810,-13051.502,-4716.569
-13172.133,-18397.593,-10157.712,-15368.135,-964.477,-7268.353,-2818.674,6707.958,-9182.508,-7253.116,-5661.620,3389.502,-16734.784,-18830.570,-13196.761,-4849.899
-13305.525,-18544.962,-10335.478,-15515.444,-794.306,-7374.112,-2924.766,6695.940,-9323.079,-7414.082,-5814.619,3232.177,-16871.376,-18974.101,-13346.783,-4972.725
-13244.784,-18476.644,-10263.808,-15450.559,-978.301,-7320.050,-2870.294,6701.611,-9275.661,-7344.606,-5761.049,3301.176,-16806.258,-18909.986,-13282.488,-4918.056
-13005.392,-18238.455,-10043.847,-15201.121,-1483.549,-7122.225,-2686.137,6702.152,-9023.222,-7115.526,-5596.198,3532.291,-16573.063,-18669.904,-13032.187,-4688.280
-13019.684,-18257.034,-10046.712,-15231.926,-1300.268,-7145.819,-2681.972,6718.671,-9052.046,-7125.171,-5601.146,3518.795,-16591.738,-18694.690,-13050.179,-4716.808
-13172.728,-18406.771,-10163.539,-15378.126,-966.171,-7259.883,-2821.572,6717.006,-9195.205,-7255.840,-5666.396,3394.293,-16724.713,-18836.640,-13199.672,-4831.398
-13311.588,-18549.699,-10335.138,-15519.663,-801.709,-7374.112,-2926.894,6697.335,-9332.888,-7413.809,-5819.509,3224.910,-16867.661,-18979.476,-13354.192,-4967.234
-13245.488,-18472.425,-10264.245,-15452.946,-981.868,-7319.665,-2875.229,6694.905,-9282.641,-7338.612,-5760.992,3291.354,-16807.431,-18911.947,-13281.959,-4902.778
-13002.631,-18227.204,-10043.167,-15198.124,-1490.060,-7121.510,-2695.284,6702.872,-9021.236,-7104.355,-5596.773,3524.545,-16572.281,-18668.007,-13027.160,-4693.770
-13019.738,-18249.928,-10049.625,-15225.099,-1300.625,-7142.629,-2699.676,6722.767,-9039.951,-7118.578,-5597.406,3515.042,-16591.542,-18686.597,-13054.016,-4706.304
-13178.900,-18406.253,-10162.665,-15378.237,-971.344,-7261.478,-2824.787,6715.790,-9196.710,-7256.004,-5664.900,3386.866,-16730.286,-18830.697,-13203.508,-4835.337
-13315.216,-18553.178,-10338.683,-15514.168,-797.428,-7373.562,-2937.626,6697.200,-9267.356,-7415.825,-5811.511,3231.059,-16872.061,-18969.296,-13350.355,-4962.818
-13251.280,-18487.968,-10269.878,-15446.230,-984.811,-7328.134,-2876.995,6687.523,-9276.022,-7349.346,-5758.402,3287.840,-16808.506,-18903.411,-13281.430,-4921.995
-13006.854,-18237.271,-10049.334,-15196.181,-1490.506,-7131.630,-2679.300,6693.239,-9012.872,-7111.984,-5594.644,3520.233,-16572.867,-18664.340,-13024.646,-4701.052
-13026.126,-18258.588,-10053.752,-15235.312,-1308.028,-7160.613,-2709.230,6705.843,-9065.586,-7129.040,-5601.319,3502.344,-16607.089,-18693.615,-13062.880,-4733.161
-13172.133,-18399.147,-10159.849,-15377.127,-968.579,-7271.102,-2809.799,6717.096,-9204.532,-7254.478,-5666.051,3384.550,-16740.064,-18834.427,-13202.318,-4849.899
-13299.029,-18529.936,-10325.232,-15506.064,-795.822,-7370.042,-2919.921,6705.032,-9330.902,-7402.366,-5815.654,3233.695,-16866.292,-18968.916,-13338.316,-4966.160
-13231.196,-18461.618,-10252.106,-15438.071,-974.822,-7309.930,-2860.015,6693.239,-9262.663,-7331.964,-5756.273,3302.215,-16796.480,-18900.818,-13272.566,-4899.913
-12990.613,-18222.467,-10032.727,-15187.967,-1487.474,-7123.655,-2679.979,6693.104,-9028.517,-7100.923,-5596.773,3523.028,-16577.560,-18660.546,-13020.281,-4699.977
-13012.700,-18244.895,-10043.555,-15228.152,-1297.860,-7147.689,-2692.024,6713.720,-9055.175,-7121.466,-5600.513,3510.649,-16598.387,-18689.315,-13050.708,-4711.198
-13160.385,-18397.297,-10151.642,-15376.905,-970.185,-7276.547,-2814.689,6712.640,-9208.023,-7254.423,-5669.906,3374.887,-16745.637,-18833.163,-13201.921,-4860.761
-13306.608,-18540.225,-10328.923,-15517.054,-800.549,-7382.141,-2926.034,6687.703,-9348.233,-7413.319,-5820.660,3221.476,-16881.056,-18976.883,-13349.297,-4976.903
-13237.367,-18470.648,-10259.972,-15444.842,-974.822,-7312.735,-2864.135,6702.062,-9255.261,-7345.260,-5757.884,3302.534,-16800.489,-18910.176,-13277.858,-4901.942
-12992.886,-18224.466,-10038.117,-15185.968,-1485.601,-7118.541,-2676.991,6702.827,-9006.674,-7107.080,-5595.335,3530.295,-16570.325,-18666.173,-13022.794,-4690.548
-13005.500,-18242.452,-10039.185,-15211.057,-1297.325,-7133.390,-2692.069,6733.976,-9033.693,-7118.905,-5594.069,3527.340,-16582.449,-18683.372,-13045.417,-4695.561
-13154.484,-18382.345,-10148.729,-15369.411,-961.712,-7251.963,-2813.466,6725.333,-9146.884,-7247.176,-5656.097,3402.679,-16717.380,-18825.765,-13189.353,-4827.339
-13283.600,-18516.983,-10318.726,-15494.241,-797.339,-7361.187,-2913.627,6704.042,-9306.350,-7398.988,-5813.525,3238.007,-16849.279,-18963.099,-13328.659,-4957.447
-13222.588,-18458.583,-10249.484,-15454.278,-978.479,-7311.305,-2849.374,6716.331,-9263.024,-7336.868,-5764.732,3303.253,-16795.796,-18913.464,-13277.593,-4903.852
-12986.119,-18231.868,-10033.650,-15189.965,-1486.760,-7113.206,-2685.549,6701.071,-9017.144,-7105.336,-5596.428,3537.882,-16562.796,-18661.368,-13018.561,-4684.460
-13014.325,-18256.885,-10043.944,-15221.824,-1296.879,-7132.840,-2682.470,6722.227,-9049.037,-7124.354,-5598.499,3520.312,-16578.929,-18687.608,-13043.300,-4694.845
-13151.344,-18387.527,-10146.690,-15359.976,-958.768,-7252.843,-2808.938,6721.642,-9196.529,-7248.484,-5658.628,3396.130,-16719.042,-18823.805,-13185.252,-4835.337
-13282.517,-18519.056,-10315.424,-15493.076,-793.682,-7365.202,-2926.260,6702.692,-9324.223,-7396.971,-5808.692,3243.437,-16854.461,-18962.341,-13325.352,-4960.908
-13219.123,-18448.147,-10249.436,-15434.629,-974.287,-7313.230,-2863.547,6703.052,-9256.645,-7329.457,-5754.029,3307.725,-16796.480,-18900.755,-13257.220,-4897.167
-12974.372,-18207.294,-10027.823,-15178.642,-1483.014,-7118.046,-2669.474,6709.219,-8998.068,-7093.457,-5591.652,3540.038,-16563.579,-18655.867,-13001.892,-4687.802
-12991.641,-18229.573,-10033.456,-15218.161,-1301.517,-7149.779,-2689.035,6723.037,-9034.174,-7108.551,-5594.702,3521.191,-16592.129,-18685.522,-13031.658,-4710.959
-13146.580,-18379.829,-10143.679,-15365.915,-967.420,-7269.012,-2803.369,6718.491,-9187.804,-7242.163,-5665.188,3397.967,-16731.459,-18828.357,-13182.606,-4839.156
-13284.033,-18519.722,-10317.415,-15501.790,-798.231,-7372.572,-2914.623,6710.209,-9326.931,-7397.789,-5813.755,3234.174,-16863.652,-18964.617,-13329.320,-4964.131
-13215.496,-18453.402,-10243.609,-15438.626,-984.098,-7325.109,-2860.287,6698.551,-9249.364,-7326.079,-5758.287,3299.739,-16809.191,-18898.479,-13253.780,-4908.507
-12986.336,-18221.209,-10033.553,-15185.691,-1492.646,-7124.480,-2666.440,6704.222,-9017.204,-7101.304,-5591.710,3530.854,-16569.738,-18657.764,-13021.207,-4689.831
-13004.526,-18241.638,-10039.088,-15217.273,-1305.263,-7154.729,-2693.246,6713.900,-9046.931,-7114.273,-5594.184,3515.441,-16602.689,-18680.843,-13047.269,-4715.733
-13158.220,-18398.259,-10152.953,-15369.578,-968.936,-7274.952,-2817.949,6711.784,-9198.816,-7250.336,-5661.908,3386.946,-16736.250,-18828.989,-13191.602,-4852.048
-13296.539,-18540.225,-10328.777,-15506.397,-800.282,-7384.341,-2926.623,6683.606,-9324.283,-7408.632,-5812.662,3223.472,-16878.807,-18968.537,-13338.052,-4977.619
-13241.265,-18483.009,-10260.264,-15449.061,-981.244,-7329.124,-2878.671,6683.967,-9270.305,-7346.567,-5759.323,3296.065,-16816.720,-18909.417,-13277.726,-4919.250
-12993.753,-18234.014,-10040.351,-15207.393,-1489.347,-7127.340,-2685.639,6689.413,-9029.179,-7111.657,-5600.628,3516.559,-16579.809,-18672.117,-13039.463,-4701.052
-13015.949,-18257.700,-10050.305,-15230.705,-1295.542,-7142.794,-2713.170,6713.855,-9055.958,-7125.225,-5594.529,3516.799,-16605.622,-18692.477,-13053.354,-4709.526
-13169.642,-18404.847,-10159.800,-15382.677,-959.304,-7246.079,-2808.803,6729.519,-9199.417,-7256.821,-5663.519,3394.453,-16707.895,-18833.099,-13199.540,-4819.939
-13292.424,-18530.677,-10322.805,-15504.232,-788.955,-7345.953,-2928.751,6717.366,-9329.518,-7402.802,-5815.309,3249.986,-16835.884,-18967.841,-13334.083,-4936.319
-13227.893,-18475.237,-10251.572,-15437.238,-973.663,-7300.416,-2867.486,6714.575,-9259.714,-7336.214,-5750.749,3311.878,-16778.978,-18895.950,-13262.644,-4887.618
-12999.545,-18239.787,-10039.428,-15182.860,-1486.047,-7111.941,-2680.704,6710.929,-9015.700,-7109.096,-5589.351,3537.722,-16556.734,-18655.488,-13016.180,-4680.998
-13013.134,-18247.411,-10042.730,-15207.893,-1296.701,-7135.810,-2686.183,6724.838,-9045.126,-7117.106,-5590.789,3519.833,-16583.231,-18673.508,-13036.950,-4701.887
-13163.741,-18392.412,-10153.730,-15361.696,-957.609,-7251.083,-2811.157,6722.452,-9193.400,-7248.702,-5657.880,3394.453,-16718.260,-18823.678,-13186.310,-4827.339
-13300.707,-18542.223,-10333.002,-15506.008,-785.298,-7352.498,-2919.106,6713.045,-9315.377,-7412.120,-5811.914,3249.587,-16844.781,-18969.043,-13335.406,-4946.465
-13233.199,-18470.204,-10258.030,-15442.622,-967.509,-7301.901,-2860.468,6707.418,-9268.078,-7341.445,-5754.029,3314.034,-16784.649,-18905.118,-13264.761,-4887.738
-12995.756,-18238.677,-10042.196,-15194.794,-1480.695,-7110.566,-2677.443,6713.360,-9019.311,-7115.526,-5590.962,3542.993,-16555.659,-18664.719,-13022.794,-4676.940
-13011.185,-18256.737,-10046.177,-15217.884,-1291.171,-7133.775,-2688.673,6730.915,-9046.570,-7129.639,-5591.997,3529.496,-16580.005,-18687.545,-13046.475,-4696.396
-13157.408,-18403.662,-10156.110,-15367.247,-959.304,-7255.978,-2808.893,6729.609,-9176.851,-7259.818,-5659.952,3396.769,-16719.824,-18828.737,-13184.458,-4828.652
-13296.917,-18542.519,-10327.855,-15495.685,-794.574,-7361.023,-2915.801,6717.276,-9321.996,-7414.572,-5810.878,3236.170,-16854.461,-18963.162,-13331.569,-4946.584
-13237.421,-18485.452,-10263.566,-15435.739,-976.517,-7317.465,-2858.611,6715.205,-9281.678,-7351.417,-5752.994,3301.655,-16801.271,-18903.727,-13265.290,-4903.613
-12993.320,-18238.677,-10041.662,-15185.191,-1489.168,-7124.205,-2681.564,6699.901,-9023.583,-7115.690,-5593.378,3529.496,-16576.192,-18662.380,-13019.355,-4691.502
-13017.302,-18261.697,-10050.208,-15223.712,-1301.160,-7149.119,-2692.205,6718.311,-9064.503,-7132.200,-5597.233,3513.285,-16599.853,-18687.166,-13048.856,-4712.153
-13165.041,-18404.847,-10163.053,-15378.237,-967.331,-7275.172,-2826.824,6713.045,-9198.515,-7264.777,-5663.864,3388.863,-16739.672,-18832.846,-13197.026,-4855.032
-13293.344,-18548.293,-10333.293,-15513.668,-804.117,-7386.541,-2920.374,6690.268,-9352.084,-7418.986,-5819.107,3223.153,-16877.438,-18973.532,-13340.433,-4988.243
-13226.107,-18481.899,-10260.604,-15438.182,-986.506,-7334.789,-2861.962,6681.671,-9264.408,-7344.170,-5758.632,3288.958,-16821.315,-18903.031,-13259.469,-4921.637
-12986.877,-18234.162,-10039.088,-15193.295,-1488.365,-7125.855,-2665.806,6691.124,-9031.466,-7112.420,-5594.817,3524.385,-16572.965,-18665.351,-13015.518,-4699.142
-13013.079,-18261.845,-10047.197,-15219.438,-1296.523,-7143.619,-2697.820,6726.999,-9048.315,-7129.040,-5596.773,3515.920,-16601.613,-18686.597,-13038.934,-4705.946
-13164.120,-18415.801,-10160.237,-15377.460,-963.139,-7262.523,-2812.878,6710.209,-9198.274,-7267.392,-5666.109,3384.790,-16723.833,-18836.830,-13195.306,-4837.963
-13302.277,-18547.775,-10334.555,-15513.113,-797.785,-7361.792,-2911.952,6713.270,-9396.013,-7417.732,-5824.343,3234.254,-16851.626,-18975.050,-13329.850,-4943.720
-13238.288,-18488.635,-10267.790,-15445.619,-987.933,-7318.895,-2867.169,6700.306,-9287.455,-7352.125,-5764.847,3290.315,-16800.880,-18908.722,-13269.391,-4898.958
-13001.115,-18250.224,-10051.179,-15202.009,-1499.068,-7129.650,-2674.591,6704.132,-9030.503,-7120.703,-5600.341,3525.024,-16570.912,-18670.094,-13029.674,-4696.277
-13024.773,-18268.728,-10054.529,-15223.157,-1308.920,-7152.969,-2708.959,6713.540,-9061.434,-7132.418,-5599.650,3506.017,-16596.333,-18690.770,-13045.284,-4715.375
-13169.209,-18422.981,-10163.053,-15383.232,-969.203,-7268.737,-2823.836,6718.086,-9218.072,-7266.902,-5670.597,3382.873,-16733.121,-18837.842,-13191.602,-4838.321
-13306.824,-18569.462,-10334.070,-15510.449,-803.493,-7368.337,-2925.083,6706.203,-9352.385,-7423.454,-5817.898,3221.476,-16861.012,-18967.652,-13335.274,-4957.088
-13225.890,-18480.715,-10256.622,-15445.897,-983.295,-7315.980,-2864.317,6702.512,-9280.595,-7345.859,-5763.351,3301.176,-16793.742,-18906.256,-13259.337,-4898.600
-12989.476,-18234.162,-10040.642,-15190.076,-1492.825,-7124.975,-2673.051,6701.746,-9017.565,-7113.292,-5597.118,3524.545,-16567.099,-18662.569,-13016.180,-4691.144
-13014.920,-18258.440,-10048.460,-15225.488,-1303.836,-7147.964,-2701.261,6719.031,-9053.009,-7129.421,-5597.751,3515.920,-16591.249,-18687.102,-13040.522,-4705.946
-13158.653,-18403.070,-10161.694,-15374.684,-969.739,-7267.803,-2815.278,6715.790,-9206.819,-7259.055,-5669.906,3380.557,-16734.490,-18833.352,-13186.707,-4838.798
-13297.675,-18551.105,-10333.341,-15505.065,-806.703,-7376.752,-2930.562,6704.222,-9335.115,-7417.296,-5816.920,3230.820,-16864.923,-18965.502,-13326.410,-4970.099
-13238.504,-18493.742,-10266.236,-15448.117,-989.182,-7327.969,-2873.599,6693.824,-9268.018,-7353.488,-5759.783,3286.881,-16810.853,-18904.612,-13270.846,-4905.284
-12998.787,-18247.855,-10044.526,-15204.785,-1499.603,-7143.069,-2678.530,6686.262,-9036.220,-7119.722,-5598.499,3512.726,-16597.311,-18666.932,-13029.541,-4709.646
-13021.254,-18265.694,-10054.141,-15230.650,-1307.582,-7157.643,-2721.139,6707.013,-9071.182,-7132.037,-5600.168,3506.177,-16605.231,-18687.229,-13047.666,-4717.524
-13173.973,-18418.318,-10164.607,-15382.510,-969.649,-7284.137,-2826.462,6701.611,-9209.467,-7265.158,-5667.892,3369.297,-16762.552,-18832.973,-13195.174,-4860.284
-13304.767,-18551.920,-10334.895,-15511.559,-808.487,-7392.811,-2937.716,6688.063,-9349.196,-7416.316,-5819.337,3221.236,-16880.078,-18969.991,-13338.978,-4990.630
-13235.581,-18488.635,-10263.808,-15445.342,-987.130,-7339.079,-2882.836,6684.147,-9288.598,-7347.385,-5762.488,3285.045,-16820.826,-18902.462,-13266.216,-4931.544
-12997.163,-18244.451,-10046.857,-15198.068,-1496.214,-7132.730,-2686.817,6682.841,-9069.678,-7115.799,-5603.678,3520.552,-16579.320,-18665.668,-13016.312,-4700.813
-13025.044,-18271.615,-10056.277,-15230.150,-1302.498,-7153.079,-2715.298,6699.361,-9067.391,-7132.691,-5603.390,3500.747,-16601.613,-18691.276,-13041.448,-4723.970
-13167.369,-18418.244,-10164.267,-15383.399,-966.171,-7270.442,-2834.839,6700.171,-9199.177,-7263.578,-5667.950,3368.099,-16741.628,-18835.629,-13188.030,-4851.928
-13302.981,-18551.179,-10336.449,-15518.330,-795.912,-7365.532,-2933.551,6693.689,-9364.661,-7416.098,-5820.660,3227.945,-16858.470,-18976.188,-13325.616,-4960.908
-13235.797,-18488.190,-10261.817,-15439.403,-973.217,-7303.221,-2875.818,6704.582,-9263.926,-7348.747,-5758.690,3303.732,-16783.476,-18902.652,-13252.457,-4887.738
-12986.119,-18238.973,-10037.777,-15182.583,-1481.587,-7111.556,-2667.029,6709.444,-9021.657,-7110.077,-5594.702,3541.316,-16553.899,-18658.902,-13004.273,-4680.640
-13005.013,-18255.553,-10044.089,-15216.107,-1290.547,-7131.300,-2685.820,6730.465,-9044.705,-7123.918,-5597.118,3526.222,-16577.463,-18686.091,-13027.557,-4690.786
-13149.016,-18399.221,-10151.740,-15377.349,-955.290,-7250.533,-2804.682,6727.854,-9203.329,-7254.096,-5668.755,3396.769,-16715.815,-18836.893,-13180.754,-4822.087
-13279.107,-18528.678,-10319.163,-15503.733,-794.752,-7358.658,-2904.797,6712.234,-9339.387,-7403.837,-5817.208,3239.045,-16848.888,-18970.750,-13320.721,-4948.017
-13222.750,-18470.722,-10253.660,-15433.186,-974.466,-7305.805,-2858.973,6710.299,-9266.273,-7335.669,-5755.525,3314.273,-16782.791,-18899.870,-13253.383,-4892.870
-12983.737,-18232.830,-10037.292,-15180.029,-1483.817,-7110.346,-2679.300,6710.974,-9018.408,-7107.189,-5591.710,3545.468,-16550.281,-18655.994,-13004.935,-4672.762
-13015.678,-18261.475,-10049.576,-15209.891,-1292.420,-7137.075,-2687.134,6725.828,-8978.391,-7128.277,-5584.690,3527.580,-16579.125,-18680.969,-13034.833,-4701.171
-13150.261,-18407.141,-10154.119,-15368.024,-955.825,-7256.528,-2803.776,6710.344,-9208.083,-7257.093,-5659.952,3392.856,-16722.171,-18830.697,-13179.563,-4834.382
-13292.803,-18552.660,-10329.554,-15507.563,-792.166,-7360.363,-2917.385,6702.962,-9329.277,-7416.861,-5809.958,3243.358,-16852.603,-18969.612,-13330.379,-4951.120
-13224.429,-18484.342,-10257.544,-15441.678,-976.874,-7309.930,-2858.747,6703.547,-9263.926,-7346.458,-5759.093,3309.881,-16786.116,-18905.371,-13258.807,-4888.812
-12984.116,-18237.123,-10035.932,-15183.859,-1496.125,-7129.705,-2667.753,6701.386,-9019.912,-7109.587,-5595.047,3533.330,-16570.814,-18656.689,-13002.156,-4694.248
-13009.182,-18262.215,-10046.954,-15217.662,-1302.409,-7153.959,-2702.438,6714.215,-9054.092,-7126.969,-5601.376,3514.323,-16599.169,-18690.833,-13040.522,-4711.675
-13158.923,-18405.143,-10158.877,-15370.688,-972.147,-7280.452,-2813.376,6710.749,-9202.246,-7260.853,-5670.366,3380.637,-16744.366,-18827.282,-13183.003,-4851.809
-13291.504,-18544.518,-10328.777,-15504.787,-814.909,-7396.166,-2924.857,6683.201,-9344.321,-7412.392,-5823.422,3220.358,-16886.923,-18969.485,-13326.807,-4981.558
-13228.218,-18485.378,-10260.506,-15442.289,-993.017,-7339.959,-2865.539,6684.777,-9274.577,-7349.346,-5764.271,3285.763,-16822.293,-18902.652,-13255.765,-4921.995
-12992.995,-18246.819,-10044.284,-15194.849,-1500.138,-7146.094,-2681.428,6684.327,-9031.225,-7120.158,-5599.593,3520.871,-16587.925,-18666.679,-13019.619,-4717.763
-13017.194,-18274.206,-10055.306,-15219.937,-1301.517,-7157.643,-2708.959,6706.428,-9062.036,-7136.342,-5593.839,3510.410,-16603.862,-18683.815,-13043.961,-4725.044
-13166.990,-18415.949,-10166.064,-15368.634,-956.985,-7264.118,-2818.900,6709.984,-9202.547,-7266.793,-5660.527,3391.498,-16727.059,-18827.409,-13187.236,-4847.870
-13301.790,-18555.102,-10335.284,-15495.074,-793.414,-7361.352,-2926.759,6699.271,-9321.154,-7418.114,-5809.382,3240.243,-16849.083,-18960.191,-13327.071,-4957.566
-13235.093,-18485.970,-10264.342,-15424.528,-971.433,-7302.946,-2865.132,6696.390,-9260.256,-7348.965,-5748.333,3311.398,-16781.520,-18890.449,-13252.590,-4890.841
-12986.715,-18238.307,-10042.827,-15186.412,-1482.479,-7106.276,-2673.504,6711.379,-9019.551,-7114.000,-5591.422,3543.472,-16548.130,-18655.298,-13003.744,-4672.523
-13007.449,-18262.067,-10047.294,-15215.386,-1290.636,-7127.340,-2698.408,6724.613,-9055.657,-7129.857,-5593.033,3523.427,-16572.183,-18680.147,-13035.230,-4689.712
-13154.701,-18411.952,-10158.052,-15372.520,-956.717,-7254.383,-2811.384,6715.835,-9206.518,-7264.014,-5665.418,3390.460,-16717.771,-18833.226,-13190.544,-4828.055
-13295.348,-18554.954,-10330.234,-15508.062,-796.893,-7363.772,-2944.056,6706.158,-9339.748,-7421.656,-5819.682,3231.299,-16857.883,-18971.951,-13332.892,-4950.165
-13233.307,-18492.558,-10262.254,-15427.747,-985.614,-7319.225,-2862.279,6692.609,-9269.402,-7347.112,-5759.956,3292.551,-16801.858,-18896.202,-13254.574,-4897.764
-12986.065,-18243.784,-10036.272,-15182.916,-1499.692,-7129.485,-2685.051,6703.097,-9030.443,-7112.311,-5597.349,3532.771,-16571.987,-18657.637,-13011.946,-4692.815
-13015.082,-18259.994,-10054.723,-15211.834,-1307.403,-7150.494,-2684.643,6726.638,-9073.830,-7126.860,-5596.370,3508.254,-16596.431,-18679.705,-13033.907,-4698.426
-13153.997,-18400.850,-10156.352,-15364.083,-965.904,-7271.322,-2824.560,6722.767,-9203.209,-7257.911,-5661.563,3389.821,-16741.921,-18824.690,-13175.991,-4835.933
-13279.973,-18528.308,-10321.591,-15493.242,-805.990,-7373.617,-2912.857,6708.138,-9323.079,-7403.674,-5813.755,3230.340,-16860.328,-18961.202,-13316.620,-4956.014
-13224.212,-18483.601,-10257.836,-15435.739,-983.117,-7316.530,-2861.871,6704.987,-9277.406,-7345.151,-5758.115,3303.013,-16793.351,-18897.530,-13260.130,-4891.199
-12980.327,-18237.863,-10033.407,-15186.135,-1497.373,-7128.660,-2677.760,6706.968,-9025.268,-7108.061,-5596.313,3526.062,-16572.085,-18655.298,-13011.814,-4684.818
-13012.105,-18265.620,-10046.566,-15213.943,-1306.868,-7155.444,-2709.593,6717.006,-9005.470,-7127.787,-5591.882,3503.622,-16600.342,-18680.084,-13033.775,-4714.182
-13152.048,-18407.733,-10154.799,-15368.579,-968.758,-7277.757,-2808.033,6709.444,-9209.587,-7258.783,-5664.843,3374.168,-16744.855,-18827.093,-13182.474,-4845.721
-13279.594,-18536.598,-10320.668,-15502.012,-805.633,-7380.931,-2923.589,6695.625,-9354.792,-7407.488,-5821.005,3229.542,-16871.963,-18959.495,-13325.881,-4967.473
-13222.696,-18482.861,-10254.874,-15446.618,-989.360,-7333.029,-2872.648,6692.159,-9296.421,-7342.372,-5764.214,3286.402,-16816.035,-18900.186,-13261.189,-4914.595
-12981.355,-18239.121,-10037.486,-15197.569,-1502.814,-7145.654,-2676.764,6688.738,-9050.783,-7111.603,-5597.751,3520.073,-16588.414,-18657.005,-13010.756,-4712.511
-13015.245,-18266.212,-10051.130,-15222.213,-1305.798,-7164.243,-2702.982,6708.994,-9058.545,-7129.912,-5599.132,3507.455,-16606.795,-18681.159,-13034.569,-4728.147
-13170.617,-18421.945,-10167.278,-15376.849,-964.833,-7278.802,-2812.606,6712.730,-9207.481,-7267.501,-5667.605,3380.078,-16737.130,-18828.484,-13195.571,-4857.061
-13301.194,-18560.728,-10337.226,-15501.957,-804.830,-7381.261,-2920.465,6693.149,-9343.178,-7419.422,-5818.819,3226.188,-16868.443,-18961.708,-13322.177,-4974.993
-13233.469,-18492.113,-10263.517,-15440.013,-980.976,-7317.465,-2874.414,6698.596,-9283.604,-7352.507,-5760.876,3300.937,-16791.982,-18901.514,-13256.955,-4901.465
-12991.533,-18245.783,-10041.807,-15188.522,-1490.774,-7116.836,-2682.017,6699.856,-9025.990,-7116.452,-5592.285,3539.239,-16553.312,-18658.649,-13011.417,-4674.433
-13008.532,-18266.952,-10047.683,-15215.497,-1296.523,-7142.189,-2692.703,6729.024,-9060.772,-7126.261,-5597.982,3522.389,-16582.254,-18680.021,-13029.012,-4696.754
-13150.045,-18402.848,-10152.759,-15362.973,-961.890,-7265.823,-2798.841,6724.298,-9209.407,-7254.423,-5665.361,3387.345,-16728.428,-18824.058,-13174.668,-4828.294
-13281.001,-18543.704,-10321.639,-15501.457,-798.498,-7361.627,-2916.797,6713.630,-9395.411,-7406.834,-5824.573,3235.531,-16851.234,-18967.778,-13316.752,-4939.781
-13225.511,-18481.529,-10256.768,-15432.631,-979.906,-7309.435,-2867.033,6710.794,-9280.053,-7343.080,-5758.632,3303.892,-16790.222,-18898.163,-13247.959,-4887.021
-12983.629,-18239.343,-10035.446,-15187.245,-1487.741,-7113.536,-2671.738,6720.067,-9025.388,-7111.112,-5596.313,3537.882,-16563.187,-18657.827,-13013.931,-4669.778
-12994.998,-18254.147,-10040.205,-15214.387,-1297.593,-7136.030,-2683.194,6734.426,-9046.691,-7119.504,-5599.535,3520.632,-16572.965,-18681.159,-13025.176,-4687.444
-13149.504,-18406.549,-10153.488,-15372.797,-959.660,-7255.703,-2817.949,6737.757,-9205.435,-7257.584,-5672.611,3400.842,-16713.762,-18829.559,-13182.606,-4811.583
-13279.540,-18535.192,-10323.436,-15496.295,-800.193,-7359.758,-2895.787,6718.356,-9332.407,-7403.074,-5819.394,3244.076,-16844.683,-18962.277,-13307.360,-4937.632
-13218.582,-18476.866,-10253.126,-15426.859,-978.836,-7305.311,-2852.000,6719.121,-9267.296,-7336.214,-5758.920,3307.006,-16783.280,-18891.271,-13240.948,-4884.037
-12971.503,-18230.979,-10030.591,-15177.865,-1485.333,-7109.906,-2654.713,6712.234,-9036.942,-7100.214,-5593.724,3537.163,-16553.997,-18649.354,-12990.647,-4675.030
-13001.819,-18254.517,-10046.517,-15212.944,-1290.636,-7134.875,-2698.952,6729.609,-9051.986,-7117.215,-5596.543,3527.180,-16581.569,-18678.377,-13021.339,-4688.996
-13153.943,-18404.699,-10158.246,-15366.359,-955.469,-7260.873,-2813.829,6721.237,-9225.113,-7255.786,-5666.511,3392.456,-16725.691,-18823.994,-13169.906,-4832.830
-13296.105,-18549.551,-10336.692,-15506.452,-796.179,-7365.697,-2929.340,6697.650,-9345.645,-7414.572,-5814.906,3235.771,-16861.501,-18963.542,-13316.488,-4956.253
-13230.438,-18488.709,-10267.401,-15444.676,-979.817,-7321.425,-2883.742,6688.333,-9301.536,-7348.856,-5762.488,3291.992,-16804.498,-18904.043,-13257.617,-4906.955
-12997.650,-18250.150,-10050.547,-15185.469,-1495.055,-7135.260,-2682.198,6685.362,-8989.584,-7117.106,-5586.761,3520.392,-16582.840,-18652.832,-13009.565,-4704.752
-13017.140,-18274.502,-10058.462,-15209.280,-1300.179,-7153.574,-2714.075,6714.530,-9054.152,-7130.402,-5597.291,3504.899,-16605.524,-18676.859,-13030.732,-4714.540
-13165.799,-18420.390,-10166.695,-15361.141,-959.660,-7268.737,-2828.545,6711.424,-9207.722,-7262.488,-5665.073,3387.186,-16737.130,-18822.603,-13183.532,-4836.888
-13292.045,-18551.550,-10331.642,-15495.796,-796.714,-7363.992,-2930.336,6703.142,-9330.240,-7412.174,-5812.202,3239.524,-16855.732,-18958.231,-13314.900,-4951.478
-13232.657,-18489.005,-10263.614,-15430.855,-975.803,-7307.785,-2876.723,6697.875,-9271.569,-7346.567,-5758.287,3306.128,-16787.387,-18893.420,-13253.251,-4890.125
-12985.578,-18253.629,-10041.273,-15178.975,-1485.779,-7115.901,-2672.825,6707.418,-9035.137,-7115.417,-5591.537,3542.434,-16555.952,-18652.959,-13009.300,-4683.028
-13006.312,-18273.984,-10047.537,-15219.049,-1292.777,-7143.399,-2695.284,6729.339,-9063.841,-7130.239,-5595.335,3514.722,-16582.547,-18682.613,-13042.903,-4700.694
-13152.968,-18414.839,-10160.140,-15373.741,-958.412,-7271.872,-2811.791,6713.135,-9213.318,-7264.995,-5663.059,3386.307,-16732.242,-18826.271,-13191.602,-4844.170
-13293.399,-18551.550,-10330.914,-15506.674,-796.625,-7368.172,-2924.630,6703.277,-9345.224,-7416.588,-5818.186,3238.007,-16856.905,-18967.589,-13328.527,-4959.356
-13229.626,-18488.339,-10265.896,-15444.065,-979.014,-7312.130,-2866.400,6696.705,-9278.308,-7353.052,-5758.287,3295.666,-16795.698,-18903.221,-13269.656,-4895.616
-12983.954,-18246.301,-10043.507,-15189.410,-1488.811,-7118.211,-2674.998,6700.756,-9036.822,-7116.997,-5592.918,3530.774,-16567.685,-18660.799,-13023.191,-4683.147
-13005.717,-18269.468,-10051.519,-15220.048,-1291.706,-7134.985,-2708.280,6725.018,-9065.285,-7133.726,-5595.162,3519.674,-16579.614,-18682.423,-13042.242,-4692.338
-13158.869,-18418.836,-10164.024,-15370.799,-957.163,-7261.368,-2817.315,6722.407,-9221.803,-7265.921,-5665.188,3386.387,-16725.202,-18826.587,-13187.236,-4829.488
-13292.424,-18554.214,-10335.721,-15502.290,-799.033,-7359.373,-2920.510,6718.491,-9320.913,-7420.293,-5811.626,3233.295,-16850.746,-18964.806,-13330.379,-4935.245
-13233.740,-18496.999,-10269.684,-15442.511,-978.122,-7303.881,-2873.192,6708.813,-9268.139,-7356.321,-5762.545,3313.794,-16779.858,-18903.790,-13265.555,-4879.621
-12986.498,-18253.111,-10045.012,-15193.739,-1484.620,-7102.921,-2655.890,6725.378,-9081.894,-7121.193,-5604.138,3538.840,-16548.228,-18662.569,-13013.269,-4651.873
-13012.755,-18276.278,-10058.511,-15225.155,-1288.050,-7122.280,-2696.009,6740.502,-9069.437,-7141.191,-5603.160,3527.660,-16568.467,-18688.620,-13043.829,-4675.746
-13157.299,-18426.238,-10166.646,-15376.183,-949.047,-7245.199,-2804.184,6741.763,-9208.083,-7275.075,-5672.035,3395.491,-16712.491,-18834.364,-13190.808,-4804.421
-13288.364,-18557.249,-10333.633,-15506.674,-790.828,-7355.413,-2909.507,6721.282,-9348.233,-7421.601,-5820.085,3239.125,-16847.030,-18966.640,-13335.935,-4934.767
-13224.970,-18496.110,-10264.100,-15443.510,-971.522,-7302.286,-2861.600,6714.710,-9279.391,-7354.850,-5762.430,3309.482,-16780.152,-18900.755,-13270.582,-4879.382
-12984.279,-18244.302,-10039.768,-15192.018,-1488.365,-7116.671,-2672.281,6718.626,-9034.836,-7118.305,-5595.680,3543.871,-16556.832,-18656.942,-13010.888,-4679.089
-13012.809,-18270.505,-10055.743,-15217.828,-1301.874,-7149.339,-2704.114,6720.067,-9065.345,-7131.601,-5597.118,3518.555,-16588.414,-18679.199,-13034.569,-4700.694
-13164.012,-18418.614,-10167.326,-15382.288,-963.495,-7276.217,-2825.873,6707.238,-9232.815,-7266.248,-5671.230,3389.981,-16734.979,-18830.823,-13188.030,-4847.631
-13298.379,-18556.139,-10336.886,-15512.780,-811.876,-7382.141,-2928.887,6692.204,-9339.447,-7420.021,-5822.444,3227.705,-16872.354,-18966.071,-13329.320,-4965.683
-13236.772,-18496.036,-10268.907,-15453.223,-990.965,-7330.774,-2870.928,6679.825,-9283.604,-7354.959,-5766.055,3288.239,-16820.044,-18909.670,-13276.006,-4914.237
-12989.801,-18251.852,-10046.857,-15205.062,-1497.463,-7128.880,-2689.352,6691.529,-9046.871,-7120.866,-5604.483,3527.180,-16571.596,-18664.087,-13024.117,-4691.502
-13015.624,-18277.018,-10056.811,-15234.868,-1300.714,-7150.879,-2707.465,6711.064,-9078.885,-7138.794,-5605.692,3519.194,-16588.218,-18689.126,-13048.195,-4709.646
-13164.229,-18430.753,-10170.337,-15383.121,-954.755,-7264.338,-2823.066,6715.700,-9220.840,-7275.784,-5672.898,3387.106,-16725.202,-18835.123,-13198.349,-4831.875
-13298.487,-18563.688,-10339.411,-15516.443,-800.817,-7374.112,-2932.962,6704.132,-9381.029,-7427.214,-5822.501,3231.538,-16864.043,-18972.647,-13337.920,-4957.566
-13236.068,-18504.030,-10271.237,-15443.344,-982.492,-7318.840,-2866.309,6694.499,-9302.619,-7362.751,-5760.071,3293.590,-16800.684,-18902.083,-13273.624,-4902.539
-12992.129,-18255.627,-10048.265,-15203.452,-1492.557,-7124.865,-2679.119,6705.032,-9045.487,-7127.242,-5598.212,3520.871,-16572.574,-18666.300,-13025.705,-4692.815
-13016.652,-18286.122,-10060.647,-15234.368,-1300.001,-7145.654,-2697.729,6720.292,-9086.467,-7147.240,-5603.218,3502.663,-16594.378,-18693.299,-13063.012,-4702.842
-13162.875,-18429.050,-10165.967,-15385.175,-959.928,-7266.648,-2824.696,6717.006,-9218.674,-7275.239,-5677.847,3382.793,-16732.926,-18837.652,-13199.540,-4838.321
-13289.501,-18566.501,-10333.002,-15516.998,-801.174,-7362.562,-2909.688,6702.152,-9349.858,-7423.617,-5823.767,3224.511,-16851.821,-18970.434,-13336.332,-4941.332
-13223.779,-18494.704,-10263.080,-15450.337,-984.633,-7315.540,-2864.951,6697.515,-9295.459,-7354.196,-5763.638,3298.062,-16791.005,-18902.589,-13267.407,-4894.183
-12985.145,-18258.440,-10043.895,-15210.390,-1495.233,-7114.416,-2672.327,6708.183,-9046.691,-7126.751,-5599.708,3528.378,-16556.343,-18668.766,-13038.008,-4665.958
-13013.783,-18284.050,-10057.200,-15229.262,-1302.944,-7149.284,-2693.790,6736.046,-9066.188,-7143.153,-5602.757,3513.285,-16596.529,-18688.430,-13057.720,-4712.630
-13160.006,-18426.608,-10162.908,-15387.617,-954.309,-7257.023,-2812.878,6730.870,-9218.674,-7274.258,-5670.827,3395.092,-16715.326,-18834.617,-13204.567,-4819.939
-13294.319,-18557.101,-10332.176,-15517.165,-799.479,-7358.988,-2918.019,6713.720,-9345.826,-7424.435,-5813.986,3244.396,-16846.443,-18966.893,-13343.476,-4938.348
-13226.378,-18496.332,-10261.915,-15450.837,-975.982,-7308.940,-2863.819,6716.736,-9282.641,-7355.722,-5761.624,3311.159,-16786.214,-18904.865,-13274.683,-4875.563
-12983.250,-18252.296,-10041.516,-15195.571,-1488.722,-7113.536,-2668.025,6712.324,-9026.833,-7122.555,-5592.918,3547.864,-16554.974,-18659.598,-13025.308,-4675.627
-13012.592,-18274.798,-10056.229,-15227.541,-1295.274,-7138.999,-2693.020,6730.600,-9046.691,-7137.976,-5593.148,3525.423,-16581.960,-18681.475,-13056.926,-4690.906
-13169.155,-18428.458,-10175.241,-15380.956,-953.863,-7259.718,-2811.972,6733.660,-9209.888,-7274.748,-5663.980,3400.682,-16721.682,-18832.088,-13203.112,-4818.148
-13296.809,-18568.574,-10337.712,-15504.787,-803.403,-7367.127,-2918.291,6714.035,-9342.396,-7425.852,-5814.503,3241.441,-16856.710,-18963.542,-13329.982,-4939.661
-13229.247,-18496.480,-10264.440,-15433.852,-982.492,-7314.000,-2856.392,6710.884,-9272.531,-7354.360,-5754.144,3308.284,-16795.111,-18891.523,-13264.099,-4880.456
-12984.495,-18253.555,-10041.273,-15187.745,-1493.984,-7123.050,-2669.157,6717.816,-9035.919,-7118.305,-5592.112,3539.958,-16567.685,-18650.240,-13015.518,-4673.120
-13009.073,-18279.313,-10052.878,-15211.612,-1301.250,-7150.659,-2696.280,6726.278,-9071.002,-7136.233,-5593.378,3509.931,-16596.431,-18673.508,-13040.257,-4701.410
-13159.681,-18429.421,-10168.249,-15378.958,-959.482,-7276.657,-2819.081,6719.031,-9200.621,-7275.239,-5665.418,3381.116,-16745.343,-18827.409,-13206.684,-4835.814
-13300.924,-18575.605,-10343.635,-15515.389,-803.939,-7375.652,-2928.841,6693.509,-9290.283,-7431.246,-5809.152,3235.292,-16861.990,-18967.399,-13353.266,-4962.579
-13248.032,-18516.391,-10280.366,-15442.733,-979.460,-7314.220,-2881.659,6694.229,-9281.859,-7369.780,-5758.287,3300.458,-16796.285,-18899.301,-13281.165,-4895.377
-12993.211,-18264.879,-10049.868,-15198.401,-1485.779,-7111.611,-2683.239,6701.341,-9036.641,-7131.982,-5596.428,3540.437,-16554.681,-18661.242,-13031.526,-4678.850
-13019.089,-18289.897,-10061.521,-15233.147,-1289.566,-7131.960,-2704.612,6721.327,-9063.480,-7151.708,-5596.773,3528.937,-16572.378,-18690.643,-13066.848,-4691.144
-13169.588,-18441.929,-10175.678,-15380.290,-946.639,-7253.063,-2822.341,6724.793,-9217.771,-7284.284,-5666.051,3404.835,-16714.837,-18837.715,-13210.785,-4821.610
-13302.764,-18577.234,-10343.393,-15510.171,-797.160,-7354.478,-2924.449,6709.759,-9330.902,-7437.622,-5812.720,3244.955,-16838.426,-18971.129,-13351.678,-4938.826
-13231.683,-18517.353,-10272.403,-15448.117,-973.752,-7297.171,-2853.268,6718.761,-9279.331,-7370.053,-5758.230,3314.273,-16774.676,-18906.066,-13286.060,-4863.745
-12995.918,-18273.836,-10055.209,-15205.950,-1487.830,-7108.366,-2662.818,6721.102,-9049.880,-7140.101,-5594.299,3541.156,-16552.823,-18669.841,-13041.316,-4665.242
-13017.464,-18291.748,-10063.415,-15242.528,-1292.152,-7128.000,-2697.367,6739.107,-9071.423,-7156.394,-5599.823,3537.083,-16560.548,-18693.931,-13072.537,-4677.298
-13172.079,-18447.777,-10178.834,-15395.832,-953.328,-7255.648,-2801.875,6738.522,-9228.302,-7293.166,-5672.150,3387.904,-16721.095,-18840.055,-13220.707,-4820.894
-13305.092,-18581.601,-10347.132,-15520.273,-798.855,-7350.298,-2922.819,6725.018,-9347.691,-7441.872,-5821.466,3255.976,-16835.884,-18968.347,-13356.573,-4925.576
-13234.715,-18514.097,-10275.025,-15452.668,-978.836,-7301.406,-2843.533,6723.533,-9287.275,-7371.306,-5762.948,3309.801,-16779.174,-18901.956,-13284.605,-4870.310
-12997.272,-18277.536,-10052.733,-15194.128,-1486.671,-7109.521,-2657.112,6724.118,-9033.753,-7132.909,-5596.025,3546.107,-16550.183,-18656.373,-13035.495,-4663.691
-13009.073,-18287.825,-10055.889,-15227.153,-1294.739,-7139.439,-2694.378,6738.207,-9054.814,-7144.515,-5600.110,3524.625,-16591.640,-18685.206,-13051.238,-4686.131
-13167.802,-18435.786,-10172.036,-15392.002,-953.774,-7255.648,-2813.466,6729.429,-9182.628,-7283.467,-5668.065,3392.856,-16715.229,-18837.209,-13214.621,-4815.642
-13286.740,-18568.055,-10332.467,-15524.547,-801.620,-7362.892,-2911.408,6723.037,-9354.912,-7430.919,-5823.710,3234.014,-16855.634,-18974.860,-13354.853,-4934.170
-13232.278,-18506.695,-10270.072,-15457.941,-986.863,-7320.655,-2856.483,6699.406,-9301.055,-7364.931,-5767.321,3295.506,-16801.467,-18907.773,-13286.589,-4892.512
-12992.020,-18266.434,-10047.586,-15203.952,-1498.354,-7130.090,-2669.384,6712.820,-9055.536,-7129.966,-5602.239,3523.108,-16578.147,-18663.455,-13029.277,-4680.043
-13014.054,-18291.970,-10058.414,-15232.759,-1304.995,-7157.863,-2701.306,6722.047,-9079.848,-7144.951,-5600.686,3502.184,-16608.164,-18684.131,-13059.043,-4702.603
-13171.537,-18443.114,-10174.707,-15394.055,-963.139,-7283.532,-2827.685,6713.000,-9226.978,-7283.848,-5670.251,3379.439,-16749.548,-18832.088,-13212.372,-4849.541
-13307.853,-18580.416,-10343.441,-15523.159,-808.933,-7379.172,-2920.012,6700.756,-9367.850,-7433.644,-5815.424,3226.827,-16875.189,-18967.019,-13349.826,-4952.314
-13248.303,-18523.719,-10280.075,-15460.162,-985.525,-7323.185,-2860.830,6701.521,-9286.191,-7371.361,-5757.194,3298.781,-16803.520,-18906.572,-13287.780,-4898.600
-13009.290,-18281.903,-10058.656,-15213.388,-1490.684,-7118.541,-2677.172,6704.402,-8990.486,-7138.303,-5592.055,3534.448,-16559.276,-18663.581,-13039.596,-4680.043
-13030.187,-18295.227,-10068.513,-15245.747,-1294.025,-7139.219,-2705.517,6725.513,-9077.140,-7154.324,-5600.283,3506.656,-16585.089,-18690.959,-13069.627,-4696.874
-13184.043,-18453.032,-10185.001,-15402.714,-950.474,-7257.848,-2830.447,6720.067,-9232.334,-7293.984,-5672.783,3387.825,-16720.606,-18836.893,-13221.236,-4822.565
-13307.095,-18585.450,-10347.083,-15529.598,-796.001,-7350.188,-2934.094,6711.919,-9354.491,-7439.365,-5821.869,3244.715,-16837.741,-18970.813,-13354.192,-4929.993
-13244.188,-18526.162,-10278.909,-15471.595,-975.001,-7294.916,-2860.830,6711.784,-9294.135,-7375.829,-5765.365,3307.885,-16773.992,-18910.239,-13294.659,-4869.356
-12993.536,-18272.799,-10049.285,-15211.001,-1483.728,-7107.651,-2672.961,6710.569,-9051.926,-7131.928,-5596.083,3538.121,-16551.063,-18666.237,-13031.393,-4665.720
-13025.856,-18300.260,-10064.289,-15245.969,-1288.674,-7132.510,-2709.321,6727.224,-9061.855,-7153.125,-5600.398,3522.229,-16581.569,-18689.315,-13064.996,-4690.189
-13167.044,-18445.630,-10173.639,-15399.883,-952.347,-7261.753,-2803.595,6729.564,-9227.520,-7289.079,-5674.739,3387.984,-16726.473,-18842.521,-13208.271,-4828.891
-13301.357,-18583.673,-10342.761,-15530.319,-798.855,-7354.313,-2916.299,6712.595,-9354.130,-7440.292,-5819.912,3235.292,-16847.714,-18975.555,-13353.266,-4930.590
-13240.507,-18514.467,-10273.908,-15462.548,-977.052,-7302.946,-2846.385,6714.710,-9286.613,-7369.889,-5762.430,3297.024,-16783.574,-18910.050,-13285.266,-4874.249
-12997.650,-18277.166,-10051.907,-15209.891,-1486.849,-7113.811,-2671.783,6715.520,-9050.361,-7137.159,-5591.710,3533.170,-16568.761,-18663.455,-13039.331,-4664.526
-13028.075,-18304.109,-10067.057,-15242.195,-1285.820,-7129.375,-2686.137,6744.103,-9069.257,-7155.740,-5596.773,3528.139,-16568.565,-18690.517,-13065.525,-4678.850
-13177.438,-18454.290,-10182.816,-15398.662,-941.555,-7251.523,-2813.965,6732.220,-9219.155,-7292.567,-5666.166,3392.776,-16714.837,-18836.324,-13209.329,-4812.180
-13313.104,-18591.223,-10356.212,-15517.942,-794.395,-7360.473,-2922.049,6714.620,-9291.547,-7439.638,-5805.355,3247.271,-16848.203,-18963.352,-13345.328,-4943.003
-13240.453,-18520.980,-10277.356,-15455.444,-977.676,-7310.810,-2858.204,6709.129,-9289.561,-7371.960,-5757.999,3308.364,-16789.636,-18903.094,-13273.228,-4886.663
-13001.115,-18281.163,-10057.637,-15203.508,-1490.952,-7120.301,-2673.730,6710.074,-9036.220,-7136.995,-5589.523,3537.323,-16561.330,-18658.333,-13026.631,-4678.014
-13030.132,-18306.033,-10070.941,-15248.411,-1298.574,-7150.604,-2701.533,6729.654,-9072.446,-7162.497,-5600.110,3513.924,-16598.093,-18694.564,-13075.183,-4704.274
-13185.721,-18463.321,-10191.362,-15405.378,-956.539,-7273.577,-2821.481,6722.497,-9239.194,-7297.144,-5671.402,3376.724,-16739.575,-18844.417,-13221.104,-4836.650
-13315.540,-18598.995,-10350.676,-15530.208,-814.374,-7385.056,-2926.260,6697.380,-9358.042,-7446.994,-5817.726,3219.320,-16883.989,-18970.181,-13354.853,-4956.611
-13248.519,-18525.643,-10280.657,-15460.495,-992.481,-7331.654,-2870.067,6679.870,-9296.482,-7375.066,-5760.531,3290.315,-16816.133,-18899.490,-13286.986,-4909.820
-13002.685,-18283.384,-10053.655,-15199.290,-1503.617,-7141.804,-2670.516,6689.773,-9033.512,-7137.813,-5586.991,3525.344,-16585.089,-18652.832,-13028.351,-4709.049
-13025.531,-18305.219,-10065.454,-15234.202,-1302.766,-7155.114,-2712.762,6703.592,-9065.044,-7154.651,-5592.976,3507.375,-16601.711,-18681.854,-13054.545,-4714.779
-13173.270,-18455.105,-10176.115,-15384.231,-961.266,-7279.132,-2836.514,6702.602,-9222.465,-7287.281,-5668.065,3379.519,-16738.206,-18827.662,-13207.080,-4847.751
-13299.354,-18586.634,-10341.450,-15522.993,-804.920,-7361.682,-2926.577,6693.464,-9361.773,-7439.365,-5814.388,3233.695,-16849.572,-18965.376,-13348.900,-4945.988
-13237.746,-18517.057,-10276.433,-15453.001,-983.741,-7312.570,-2866.037,6688.693,-9298.768,-7371.470,-5758.575,3302.294,-16791.200,-18897.720,-13277.726,-4884.992
-12998.733,-18279.387,-10054.820,-15205.562,-1495.857,-7125.085,-2688.537,6697.920,-9049.338,-7136.069,-5590.041,3525.503,-16561.916,-18656.689,-13029.541,-4692.577
-13024.394,-18306.255,-10065.163,-15244.359,-1296.969,-7145.104,-2691.662,6720.472,-9064.443,-7156.122,-5598.960,3512.247,-16592.422,-18687.482,-13060.631,-4701.171
-13166.773,-18446.741,-10174.853,-15394.833,-952.347,-7263.898,-2814.146,6730.825,-9217.350,-7283.140,-5670.712,3383.352,-16726.864,-18842.268,-13207.080,-4825.310
-13295.402,-18585.450,-10336.983,-15522.604,-806.525,-7361.572,-2915.303,6705.122,-9357.019,-7435.224,-5817.323,3239.205,-16846.639,-18967.715,-13344.137,-4939.303
-13237.530,-18519.944,-10273.180,-15463.270,-984.455,-7308.390,-2875.591,6722.722,-9304.906,-7369.399,-5761.912,3302.055,-16788.462,-18902.778,-13280.636,-4882.247
-12991.262,-18277.758,-10045.061,-15210.446,-1500.138,-7119.036,-2670.017,6712.234,-9040.372,-7133.018,-5594.299,3533.330,-16563.579,-18660.925,-13025.969,-4668.226
-13022.932,-18301.444,-10065.260,-15252.185,-1303.212,-7145.984,-2688.854,6738.297,-9077.260,-7155.195,-5605.174,3513.205,-16591.151,-18693.299,-13060.895,-4692.696
-13171.700,-18450.442,-10176.892,-15406.211,-953.239,-7259.718,-2808.078,6735.056,-9232.334,-7289.897,-5678.882,3386.467,-16721.780,-18843.659,-13222.691,-4813.254
-13294.535,-18575.901,-10340.528,-15535.370,-802.601,-7356.348,-2905.839,6721.777,-9417.616,-7434.679,-5827.220,3234.333,-16847.030,-18977.010,-13354.853,-4931.306
-13233.794,-18518.538,-10275.073,-15460.994,-978.568,-7297.556,-2860.287,6715.340,-9296.060,-7370.162,-5758.690,3306.208,-16780.445,-18908.279,-13285.663,-4866.491
-12980.597,-18269.617,-10046.954,-15219.937,-1491.755,-7113.811,-2657.565,6714.845,-9058.244,-7137.377,-5599.880,3537.323,-16553.801,-18671.864,-13035.891,-4671.210
-13009.777,-18304.257,-10062.832,-15258.458,-1295.185,-7139.274,-2694.605,6729.294,-9086.166,-7158.628,-5604.714,3523.826,-16580.494,-18701.898,-13072.934,-4689.951
-13162.821,-18455.253,-10175.678,-15406.544,-948.869,-7260.983,-2810.206,6729.924,-9224.932,-7292.512,-5672.150,3388.783,-16722.659,-18843.912,-13218.325,-4827.578
-13296.647,-18582.415,-10343.053,-15522.826,-800.817,-7357.118,-2916.389,6713.450,-9345.104,-7436.968,-5815.251,3243.597,-16846.835,-18973.659,-13344.402,-4935.125
-13236.339,-18521.350,-10276.967,-15455.166,-986.238,-7321.425,-2874.686,6692.564,-9292.450,-7373.050,-5756.273,3301.416,-16799.804,-18904.233,-13282.753,-4895.616
-12996.243,-18276.722,-10053.072,-15208.781,-1497.106,-7125.140,-2682.334,6703.457,-9051.023,-7136.887,-5595.162,3526.222,-16571.792,-18667.817,-13029.806,-4676.463
-13018.710,-18304.553,-10066.717,-15246.135,-1301.963,-7156.159,-2706.831,6714.215,-9083.157,-7158.519,-5605.289,3505.219,-16602.200,-18697.472,-13064.070,-4707.259
-13177.113,-18461.026,-10183.593,-15404.046,-958.412,-7280.947,-2825.511,6707.868,-9237.328,-7296.654,-5677.271,3367.860,-16746.810,-18846.630,-13220.574,-4846.438
-13307.961,-18594.850,-10352.084,-15538.368,-807.863,-7379.007,-2946.093,6690.943,-9373.025,-7444.651,-5818.876,3226.268,-16872.061,-18979.033,-13354.986,-4968.906
-13243.972,-18528.382,-10281.434,-15470.263,-993.106,-7319.500,-2866.445,6686.667,-9345.585,-7377.191,-5769.450,3291.114,-16789.929,-18912.136,-13287.515,-4892.512
-13004.959,-18287.455,-10058.317,-15216.551,-1508.700,-7139.164,-2686.862,6688.738,-9060.712,-7140.156,-5600.974,3528.458,-16579.125,-18666.932,-13037.082,-4698.306
-13030.403,-18310.992,-10070.844,-15244.193,-1310.793,-7161.878,-2719.102,6710.479,-9080.510,-7156.612,-5602.987,3511.049,-16601.320,-18689.063,-13059.572,-4716.092
-13178.900,-18460.360,-10182.427,-15403.991,-961.177,-7280.177,-2820.576,6702.647,-9246.957,-7293.493,-5676.351,3376.005,-16740.846,-18840.877,-13218.987,-4849.302
-13310.614,-18596.478,-10350.773,-15528.210,-808.487,-7365.532,-2938.396,6700.081,-9366.647,-7445.250,-5820.027,3233.455,-16855.732,-18972.773,-13354.059,-4944.913
-13244.622,-18530.751,-10281.289,-15464.602,-982.047,-7303.826,-2881.976,6692.474,-9305.568,-7376.973,-5765.019,3295.826,-16785.040,-18909.164,-13290.690,-4874.249
-13002.956,-18298.483,-10060.599,-15220.492,-1490.774,-7108.036,-2680.840,6712.820,-9050.181,-7147.185,-5595.162,3529.576,-16554.877,-18670.663,-13035.759,-4652.590
-13024.286,-18310.030,-10071.087,-15252.519,-1299.020,-7147.084,-2704.204,6716.286,-9042.538,-7162.770,-5598.039,3506.736,-16590.565,-18695.259,-13068.833,-4708.691
-13168.939,-18456.955,-10181.990,-15406.211,-952.347,-7265.548,-2821.753,6717.861,-9238.412,-7295.891,-5678.077,3370.255,-16733.708,-18845.303,-13215.547,-4829.965
-13296.917,-18582.415,-10343.441,-15529.542,-807.149,-7363.937,-2926.713,6701.837,-9371.220,-7439.147,-5825.724,3224.351,-16857.003,-18975.050,-13344.799,-4944.913
-13236.772,-18524.015,-10277.453,-15471.873,-983.206,-7305.366,-2872.739,6700.801,-9303.402,-7373.540,-5768.990,3300.058,-16785.920,-18912.642,-13284.869,-4881.173
-12988.501,-18275.538,-10050.402,-15220.936,-1490.774,-7107.321,-2675.044,6709.759,-9055.958,-7134.434,-5601.204,3532.052,-16554.388,-18672.117,-13030.203,-4662.616
-13020.388,-18308.624,-10067.542,-15255.849,-1294.204,-7137.460,-2712.989,6728.214,-9095.915,-7158.792,-5606.267,3518.076,-16581.863,-18698.990,-13063.938,-4688.876
-13170.725,-18460.360,-10183.156,-15408.598,-944.677,-7260.103,-2814.146,6724.703,-9235.102,-7297.689,-5674.279,3383.672,-16729.993,-18849.729,-13224.411,-4824.116
-13301.032,-18596.330,-10349.317,-15538.590,-797.428,-7358.658,-2920.917,6711.784,-9395.953,-7444.596,-5823.422,3233.774,-16853.581,-18983.586,-13355.912,-4940.377
-13233.632,-18526.606,-10278.715,-15470.097,-977.498,-7310.315,-2851.321,6710.479,-9290.344,-7375.720,-5761.740,3301.176,-16788.951,-18914.539,-13285.928,-4890.483
-12995.268,-18286.344,-10057.588,-15219.771,-1489.703,-7114.966,-2666.667,6719.346,-9054.814,-7142.172,-5596.543,3539.479,-16556.539,-18673.002,-13039.199,-4670.375
-13021.092,-18317.876,-10070.164,-15248.744,-1291.617,-7142.354,-2685.368,6730.600,-9075.515,-7162.334,-5600.628,3520.312,-16587.045,-18698.168,-13069.230,-4693.890
-13174.623,-18466.503,-10186.895,-15402.104,-945.034,-7264.723,-2810.614,6724.523,-9227.279,-7299.215,-5673.243,3387.665,-16726.668,-18843.848,-13219.648,-4829.368
-13303.143,-18594.036,-10348.880,-15526.379,-802.512,-7361.297,-2924.585,6706.338,-9357.620,-7443.289,-5819.107,3241.601,-16849.083,-18973.026,-13352.340,-4940.736
-13236.609,-18526.384,-10278.667,-15458.108,-986.238,-7317.300,-2882.655,6696.075,-9294.436,-7372.124,-5759.783,3299.020,-16796.969,-18903.600,-13276.006,-4891.199
-12996.026,-18284.938,-10055.355,-15215.053,-1498.979,-7126.240,-2675.225,6699.676,-9054.634,-7137.595,-5597.809,3532.531,-16571.596,-18664.782,-13034.304,-4683.863
-13017.410,-18306.847,-10065.503,-15251.630,-1304.549,-7154.674,-2709.774,6714.125,-9073.770,-7155.740,-5602.297,3508.972,-16590.369,-18694.690,-13063.673,-4709.526
-13171.591,-18460.286,-10180.388,-15408.875,-959.839,-7284.247,-2822.206,6704.807,-9243.105,-7293.166,-5677.674,3362.988,-16749.450,-18844.860,-13212.901,-4847.034
-13297.296,-18594.184,-10345.626,-15537.702,-813.392,-7382.196,-2930.109,6688.468,-9363.819,-7440.891,-5824.343,3220.198,-16875.287,-18978.148,-13351.678,-4973.561
-13229.247,-18522.831,-10273.277,-15469.653,-988.914,-7322.965,-2856.257,6693.284,-9298.106,-7373.213,-5764.847,3284.246,-16802.738,-18911.251,-13284.869,-4911.491
-12990.342,-18286.122,-10053.315,-15219.216,-1497.284,-7123.545,-2677.625,6703.142,-9049.278,-7136.941,-5596.313,3532.132,-16565.925,-18670.094,-13040.919,-4684.937
-13013.891,-18314.841,-10068.950,-15246.635,-1297.860,-7141.474,-2704.476,6724.163,-9075.455,-7155.904,-5601.664,3519.354,-16583.818,-18693.172,-13066.187,-4695.203
-13164.337,-18459.102,-10185.292,-15402.992,-948.244,-7260.213,-2811.565,6725.423,-9242.564,-7290.605,-5672.783,3389.741,-16722.562,-18839.991,-13215.018,-4820.655
-13292.965,-18587.522,-10353.298,-15524.547,-807.149,-7356.183,-2925.581,6710.569,-9354.251,-7437.949,-5814.791,3240.882,-16841.261,-18968.221,-13344.799,-4935.006
-13236.284,-18529.492,-10291.971,-15463.159,-980.887,-7299.481,-2864.317,6710.299,-9285.891,-7373.595,-5761.855,3310.041,-16778.294,-18906.382,-13282.488,-4870.310
-12990.667,-18285.086,-10067.057,-15217.662,-1496.303,-7109.466,-2677.353,6711.649,-9078.223,-7137.159,-5593.781,3532.052,-16548.423,-18665.351,-13033.642,-4668.943
-13020.875,-18308.032,-10084.246,-15251.464,-1296.433,-7130.750,-2690.847,6731.860,-9073.710,-7156.013,-5604.483,3517.118,-16573.258,-18693.931,-13067.642,-4684.460
-13172.457,-18464.505,-10201.899,-15413.760,-946.639,-7257.573,-2834.522,6728.709,-9232.033,-7296.490,-5678.192,3381.915,-16720.606,-18847.895,-13225.866,-4818.387
-13305.688,-18598.107,-10367.525,-15533.206,-802.868,-7355.853,-2911.771,6710.119,-9303.823,-7443.943,-5816.057,3234.014,-16846.248,-18976.947,-13349.561,-4933.574
-13234.823,-18527.346,-10295.856,-15466.267,-982.582,-7304.101,-2868.754,6707.058,-9279.151,-7372.396,-5762.142,3306.527,-16785.334,-18911.694,-13276.800,-4877.472
-12993.320,-18285.234,-10071.621,-15213.110,-1493.984,-7114.526,-2661.324,6718.356,-9037.424,-7140.210,-5594.126,3536.444,-16556.245,-18668.450,-13032.452,-4665.242
-13020.442,-18314.323,-10088.664,-15256.126,-1299.466,-7151.099,-2688.718,6725.918,-9089.536,-7162.279,-5605.404,3517.198,-16592.520,-18702.341,-13065.525,-4705.110
-13179.495,-18467.021,-10208.162,-15416.146,-952.793,-7272.367,-2821.028,6726.413,-9238.111,-7302.430,-5680.724,3374.488,-16732.828,-18854.471,-13215.680,-4834.620
-13304.876,-18602.104,-10372.090,-15543.974,-812.322,-7371.417,-2923.363,6702.692,-9376.696,-7449.119,-5825.378,3230.740,-16866.585,-18986.368,-13357.367,-4949.210
-13235.472,-18530.899,-10299.886,-15472.262,-991.411,-7318.565,-2871.743,6693.644,-9297.264,-7377.137,-5769.392,3295.347,-16791.982,-18914.729,-13288.309,-4894.541
-12999.924,-18291.600,-10077.982,-15221.713,-1501.298,-7127.780,-2680.885,6697.695,-9060.411,-7143.643,-5600.341,3526.781,-16569.445,-18668.007,-13036.024,-4686.489
-13023.907,-18318.098,-10092.889,-15250.243,-1302.677,-7158.523,-2709.638,6710.524,-9078.343,-7160.590,-5604.656,3504.500,-16598.680,-18692.920,-13060.763,-4714.062
-13177.221,-18467.688,-10207.725,-15400.827,-958.323,-7290.681,-2831.941,6702.377,-9241.420,-7297.362,-5674.279,3371.773,-16751.797,-18837.462,-13220.839,-4858.851
-13296.647,-18599.809,-10366.506,-15534.593,-822.400,-7390.391,-2924.495,6695.670,-9366.105,-7443.997,-5821.408,3224.271,-16876.656,-18970.687,-13355.647,-4980.603
-13236.988,-18535.562,-10302.119,-15456.498,-994.622,-7329.069,-2890.398,6693.014,-9294.797,-7375.556,-5760.819,3295.027,-16806.551,-18899.301,-13283.811,-4908.030
-12995.593,-18287.677,-10077.594,-15202.675,-1500.138,-7124.095,-2669.067,6703.727,-9036.160,-7136.233,-5594.414,3538.281,-16563.970,-18659.787,-13029.806,-4680.640
-13027.696,-18317.728,-10096.288,-15241.251,-1297.950,-7144.169,-2693.382,6729.879,-9108.371,-7160.808,-5600.110,3512.087,-16585.285,-18690.137,-13062.350,-4694.009
-13176.843,-18469.982,-10209.182,-15413.316,-949.850,-7263.513,-2802.192,6737.892,-9238.712,-7301.939,-5679.458,3380.557,-16724.322,-18850.614,-13227.454,-4822.923
-13297.513,-18598.329,-10365.923,-15541.254,-808.576,-7358.493,-2900.722,6726.188,-9365.263,-7440.237,-5824.976,3239.844,-16846.150,-18979.602,-13350.884,-4930.948
-13235.472,-18537.856,-10301.197,-15476.702,-985.792,-7304.156,-2852.363,6721.822,-9309.239,-7377.137,-5768.817,3310.600,-16778.098,-18915.235,-13298.231,-4867.804
-12991.208,-18287.011,-10074.777,-15224.322,-1498.265,-7113.151,-2656.569,6730.600,-9061.795,-7139.720,-5599.132,3535.326,-16553.605,-18672.560,-13041.051,-4664.049
-13029.158,-18319.726,-10096.725,-15256.570,-1291.350,-7128.275,-2707.193,6739.287,-9076.658,-7163.805,-5601.779,3521.191,-16571.792,-18700.317,-13075.315,-4670.375
-13183.339,-18477.902,-10215.689,-15416.035,-940.396,-7254.328,-2817.496,6736.901,-9237.750,-7305.536,-5677.271,3388.703,-16718.748,-18850.867,-13229.306,-4813.374
-13316.677,-18616.241,-10384.569,-15538.590,-797.339,-7349.693,-2922.185,6726.368,-9363.698,-7453.969,-5818.531,3245.674,-16843.608,-18980.677,-13356.573,-4924.263
-13251.010,-18551.105,-10313.433,-15465.101,-976.606,-7291.231,-2864.181,6724.658,-9289.922,-7382.640,-5759.841,3313.155,-16764.801,-18909.038,-13285.266,-4859.329
-13002.360,-18296.485,-10083.615,-15217.662,-1481.320,-7090.767,-2678.304,6728.979,-9042.057,-7143.589,-5589.466,3553.774,-16524.273,-18669.145,-13041.845,-4648.412
-13025.206,-18324.834,-10095.948,-15256.570,-1284.393,-7122.280,-2690.394,6744.238,-9076.959,-7166.856,-5599.247,3531.573,-16560.548,-18697.472,-13071.214,-4677.656
-13185.450,-18485.230,-10217.631,-15408.875,-937.096,-7256.253,-2825.511,6727.674,-9244.489,-7306.898,-5673.301,3391.738,-16717.380,-18848.717,-13225.072,-4821.132
-13311.913,-18609.357,-10378.985,-15538.590,-803.939,-7353.323,-2911.816,6720.157,-9350.459,-7452.225,-5817.438,3233.934,-16841.652,-18981.878,-13358.161,-4933.454
-13244.026,-18544.666,-10312.316,-15472.595,-983.830,-7306.740,-2869.162,6696.705,-9288.117,-7383.403,-5763.696,3308.124,-16789.538,-18915.677,-13285.134,-4880.098
-13000.736,-18299.890,-10084.343,-15219.049,-1499.068,-7126.735,-2694.333,6696.885,-9055.777,-7144.951,-5593.608,3532.291,-16560.450,-18671.864,-13041.051,-4692.815
-13027.696,-18326.758,-10098.570,-15250.576,-1303.033,-7161.603,-2712.672,6707.868,-9080.871,-7166.366,-5604.714,3511.608,-16606.893,-18699.812,-13068.965,-4715.017
-13186.804,-18483.601,-10218.359,-15413.371,-956.806,-7289.636,-2836.741,6707.958,-9238.833,-7305.645,-5678.192,3373.689,-16744.757,-18849.096,-13227.586,-4854.554
-13304.280,-18602.178,-10375.489,-15532.762,-813.125,-7376.642,-2932.238,6689.863,-9356.116,-7445.686,-5820.890,3226.906,-16863.554,-18974.481,-13351.943,-4960.908
-13238.829,-18542.889,-10307.655,-15472.761,-989.717,-7315.155,-2877.312,6692.429,-9302.258,-7381.605,-5765.882,3300.058,-16790.027,-18912.326,-13295.321,-4894.422
-12993.861,-18298.483,-10079.293,-15235.645,-1499.157,-7117.881,-2676.040,6707.733,-9131.419,-7144.842,-5605.519,3531.493,-16554.192,-18674.773,-13051.634,-4670.733
-13021.037,-18326.684,-10096.336,-15254.905,-1300.625,-7150.109,-2701.850,6716.511,-9094.711,-7163.914,-5605.864,3507.375,-16586.458,-18695.828,-13068.171,-4704.633
-13175.868,-18477.976,-10213.601,-15411.928,-954.666,-7274.127,-2825.692,6718.581,-9240.097,-7302.593,-5680.148,3379.599,-16730.873,-18844.038,-13224.411,-4833.785
-13300.545,-18609.949,-10370.342,-15530.097,-819.903,-7372.847,-2926.306,6699.091,-9349.677,-7444.215,-5818.876,3228.663,-16855.830,-18969.991,-13349.561,-4950.643
-13236.718,-18543.852,-10303.625,-15463.325,-995.514,-7317.355,-2854.174,6704.042,-9288.538,-7375.992,-5764.214,3296.385,-16792.862,-18906.129,-13283.811,-4886.902
-12990.125,-18290.563,-10078.953,-15212.999,-1504.419,-7118.321,-2668.070,6716.736,-9039.770,-7140.047,-5593.378,3537.482,-16555.170,-18665.668,-13040.257,-4670.972
-13010.968,-18321.207,-10090.752,-15248.134,-1302.409,-7143.729,-2682.017,6735.821,-9078.403,-7162.334,-5604.771,3514.083,-16583.036,-18695.449,-13064.070,-4691.622
-13166.340,-18472.425,-10207.240,-15411.484,-948.244,-7266.098,-2813.557,6737.216,-9234.801,-7302.920,-5674.797,3380.398,-16733.904,-18850.614,-13218.590,-4824.116
-13290.638,-18601.437,-10369.176,-15533.372,-808.309,-7353.653,-2913.989,6715.520,-9356.838,-7445.795,-5820.085,3235.212,-16835.981,-18976.883,-13356.573,-4924.621
-13226.865,-18538.078,-10301.731,-15472.206,-984.722,-7301.956,-2859.064,6712.459,-9298.588,-7378.717,-5760.934,3308.044,-16779.174,-18910.808,-13285.002,-4871.982
-12985.470,-18287.307,-10079.390,-15222.657,-1493.182,-7107.871,-2666.486,6720.337,-9063.781,-7141.627,-5597.636,3536.684,-16549.988,-18671.738,-13038.008,-4659.871
-13015.137,-18325.204,-10094.783,-15255.238,-1296.255,-7136.525,-2700.174,6731.950,-9071.122,-7167.837,-5602.124,3518.396,-16579.809,-18698.041,-13076.241,-4686.967
-13168.830,-18473.683,-10210.396,-15417.811,-944.944,-7261.973,-2823.066,6727.269,-9238.773,-7303.738,-5681.299,3377.043,-16725.495,-18852.131,-13225.469,-4817.551
-13297.296,-18610.764,-10373.498,-15542.419,-813.660,-7364.927,-2918.155,6710.344,-9409.312,-7450.754,-5829.176,3220.677,-16856.905,-18982.700,-13361.733,-4943.958
-13235.472,-18544.148,-10307.218,-15469.653,-990.163,-7316.145,-2857.977,6695.580,-9296.843,-7381.442,-5762.545,3291.513,-16801.564,-18908.595,-13294.130,-4888.693
-12994.511,-18297.151,-10080.555,-15219.882,-1500.317,-7122.060,-2672.372,6702.017,-9059.508,-7143.589,-5595.047,3525.024,-16569.152,-18663.708,-13043.829,-4679.089
-13018.439,-18330.829,-10095.705,-15253.296,-1298.128,-7148.844,-2713.306,6719.391,-9098.803,-7167.510,-5602.009,3502.663,-16600.342,-18692.098,-13077.035,-4700.455
-13171.645,-18481.011,-10211.998,-15406.544,-949.582,-7280.507,-2820.440,6716.015,-9236.967,-7302.321,-5675.718,3375.207,-16744.463,-18843.026,-13226.660,-4847.273
-13299.408,-18613.724,-10375.197,-15536.147,-808.844,-7369.272,-2920.782,6687.838,-9357.079,-7450.154,-5815.712,3233.854,-16852.897,-18973.975,-13359.616,-4948.972
-13236.122,-18546.442,-10307.364,-15469.986,-985.168,-7310.205,-2866.309,6696.255,-9291.427,-7381.115,-5759.553,3301.815,-16787.387,-18907.331,-13288.838,-4891.438
-12992.129,-18301.000,-10082.012,-15224.433,-1494.341,-7115.901,-2669.248,6708.003,-9045.607,-7146.477,-5589.753,3526.062,-16565.436,-18667.185,-13042.771,-4679.327
-13024.556,-18333.272,-10100.367,-15262.565,-1290.993,-7136.250,-2713.759,6728.664,-9086.106,-7169.200,-5601.204,3515.122,-16575.116,-18701.835,-13077.961,-4686.370
-13175.976,-18484.416,-10216.660,-15417.256,-937.809,-7259.333,-2816.319,6729.519,-9242.624,-7303.574,-5677.271,3378.960,-16722.464,-18848.274,-13234.068,-4815.522
-13305.471,-18615.057,-10380.053,-15538.312,-802.779,-7355.688,-2916.299,6721.147,-9350.941,-7452.389,-5812.892,3236.809,-16841.164,-18972.900,-13363.849,-4932.738
-13238.071,-18550.883,-10311.297,-15474.759,-985.703,-7305.915,-2863.275,6716.241,-9249.364,-7382.477,-5760.244,3300.378,-16786.311,-18908.343,-13292.146,-4874.369
-12992.291,-18301.296,-10083.275,-15223.490,-1493.360,-7108.421,-2663.905,6718.221,-9056.319,-7144.243,-5595.507,3536.125,-16546.370,-18663.960,-13041.448,-4659.274
-13021.308,-18324.390,-10097.745,-15257.958,-1296.077,-7137.680,-2695.737,6732.715,-9092.364,-7165.331,-5603.620,3508.413,-16578.929,-18697.219,-13077.961,-4686.370
-13178.683,-18482.047,-10218.505,-15417.034,-946.461,-7270.057,-2816.183,6726.819,-9235.824,-7306.353,-5674.567,3365.224,-16736.446,-18850.424,-13230.497,-4834.501
-13291.341,-18605.508,-10370.439,-15540.033,-810.182,-7356.293,-2909.371,6719.166,-9370.257,-7447.103,-5822.847,3235.052,-16844.195,-18978.907,-13360.674,-4931.186
-13226.811,-18533.711,-10301.731,-15471.373,-984.990,-7302.176,-2851.095,6711.109,-9291.908,-7374.848,-5766.918,3308.044,-16780.445,-18912.326,-13287.515,-4871.743
-12981.572,-18284.568,-10074.097,-15219.882,-1492.111,-7103.636,-2658.969,6723.172,-9055.777,-7137.268,-5593.724,3544.909,-16542.655,-18666.679,-13035.891,-4654.619
-13008.965,-18323.131,-10094.394,-15256.459,-1285.285,-7125.525,-2683.873,6737.622,-9073.108,-7164.840,-5602.470,3528.378,-16568.076,-18699.748,-13066.848,-4679.924
-13175.002,-18482.713,-10216.320,-15422.085,-929.604,-7251.248,-2816.500,6736.271,-9240.638,-7307.933,-5675.660,3392.856,-16714.251,-18853.270,-13227.851,-4816.716
-13297.730,-18612.244,-10378.451,-15540.699,-800.103,-7353.928,-2917.069,6717.546,-9370.919,-7453.533,-5818.819,3243.997,-16844.292,-18981.626,-13360.674,-4932.022
-13223.238,-18537.782,-10302.751,-15472.761,-983.206,-7302.066,-2845.570,6709.714,-9278.790,-7380.188,-5765.767,3304.211,-16778.000,-18914.539,-13293.998,-4877.114
-12983.467,-18297.151,-10075.457,-15222.824,-1490.863,-7108.256,-2650.320,6715.205,-9045.186,-7144.025,-5596.313,3527.101,-16549.890,-18673.761,-13035.627,-4667.988
-13019.738,-18329.053,-10097.842,-15262.731,-1288.496,-7139.824,-2694.741,6725.423,-9094.230,-7170.834,-5608.857,3517.597,-16584.209,-18705.186,-13080.342,-4691.861
-13188.482,-18492.780,-10224.866,-15427.025,-935.490,-7266.098,-2829.813,6722.677,-9251.711,-7316.161,-5681.414,3378.800,-16731.948,-18857.885,-13240.815,-4831.398
-13308.449,-18622.903,-10382.141,-15551.855,-810.895,-7374.717,-2931.332,6693.464,-9376.516,-7457.347,-5820.488,3226.827,-16862.967,-18985.230,-13370.199,-4968.906
-13248.790,-18556.805,-10317.124,-15485.139,-990.519,-7322.525,-2858.657,6695.220,-9307.012,-7391.577,-5767.378,3291.034,-16807.138,-18918.143,-13307.360,-4900.868
-13002.956,-18312.917,-10089.393,-15231.316,-1500.495,-7125.305,-2673.821,6700.216,-9097.961,-7155.032,-5597.809,3526.941,-16565.339,-18676.670,-13062.747,-4680.163
-13030.620,-18339.859,-10107.310,-15265.229,-1300.001,-7154.894,-2706.966,6715.835,-9108.732,-7175.630,-5604.368,3506.337,-16595.258,-18703.416,-13086.560,-4706.304
-13189.619,-18497.073,-10225.934,-15423.528,-940.753,-7268.792,-2829.496,6719.031,-9253.516,-7319.213,-5676.120,3370.575,-16730.970,-18856.747,-13241.345,-4828.294
-13311.264,-18620.460,-10382.092,-15538.423,-807.774,-7359.098,-2939.528,6697.200,-9365.443,-7456.530,-5818.589,3235.372,-16841.652,-18979.602,-13360.410,-4936.319
-13247.816,-18556.879,-10318.726,-15480.754,-988.379,-7308.610,-2856.257,6694.950,-9289.922,-7393.048,-5767.954,3299.739,-16782.596,-18920.103,-13301.406,-4880.456
-13003.768,-18314.323,-10090.315,-15230.372,-1501.565,-7120.520,-2667.482,6706.698,-9051.806,-7156.667,-5598.672,3530.295,-16554.583,-18677.808,-13058.117,-4671.330
-13033.002,-18344.818,-10108.718,-15268.726,-1297.771,-7145.929,-2691.888,6730.375,-9083.879,-7183.367,-5610.180,3506.976,-16585.969,-18710.814,-13090.264,-4692.696
-13190.160,-18497.295,-10228.168,-15428.080,-942.447,-7270.167,-2823.519,6724.973,-9240.458,-7320.793,-5680.033,3369.776,-16734.197,-18859.972,-13246.240,-4824.833
-13313.592,-18624.901,-10386.462,-15549.302,-808.933,-7358.218,-2919.423,6716.376,-9375.794,-7463.941,-5820.488,3231.538,-16841.066,-18985.230,-13376.549,-4929.396
-13236.772,-18553.326,-10314.356,-15478.423,-989.182,-7310.700,-2853.585,6702.872,-9293.834,-7391.522,-5763.466,3297.423,-16785.823,-18915.424,-13300.480,-4875.921
-12999.491,-18307.365,-10089.830,-15232.037,-1499.425,-7122.280,-2671.512,6712.279,-9024.967,-7156.394,-5589.638,3527.660,-16569.445,-18676.543,-13055.206,-4668.107
-13027.371,-18337.713,-10107.650,-15262.010,-1295.809,-7141.474,-2699.903,6731.770,-9094.350,-7177.537,-5609.605,3514.642,-16580.396,-18704.933,-13081.930,-4690.786
-13187.183,-18492.632,-10223.263,-15426.082,-942.804,-7269.507,-2830.266,6725.828,-9259.654,-7319.213,-5682.105,3375.047,-16736.446,-18855.609,-13238.302,-4832.949
-13316.352,-18626.159,-10388.453,-15546.360,-804.652,-7352.553,-2923.906,6707.103,-9360.388,-7464.704,-5822.732,3235.771,-16841.848,-18983.712,-13376.285,-4930.590
-13246.191,-18552.956,-10318.143,-15481.531,-981.155,-7296.621,-2870.022,6706.968,-9306.531,-7392.721,-5766.458,3303.093,-16775.752,-18912.579,-13304.317,-4868.520
-12995.323,-18303.295,-10086.188,-15233.092,-1493.360,-7109.961,-2663.905,6713.765,-9058.124,-7150.509,-5596.716,3531.493,-16550.770,-18672.749,-13050.708,-4668.943
-13027.750,-18337.713,-10105.125,-15265.729,-1288.406,-7136.250,-2709.049,6727.539,-9087.370,-7174.267,-5605.404,3514.562,-16580.592,-18703.100,-13079.152,-4689.831
-13183.393,-18484.490,-10225.109,-15418.644,-935.401,-7264.283,-2821.526,6718.221,-9240.578,-7313.273,-5679.228,3380.238,-16728.819,-18853.143,-13231.026,-4834.501
-13309.856,-18620.238,-10385.006,-15545.805,-801.798,-7360.363,-2924.721,6709.489,-9356.718,-7460.235,-5817.035,3236.410,-16848.692,-18979.665,-13366.627,-4940.616
-13244.838,-18559.321,-10318.483,-15488.191,-981.868,-7310.535,-2864.815,6706.923,-9307.133,-7395.882,-5760.992,3296.465,-16791.005,-18920.799,-13306.698,-4894.780
-12999.220,-18307.736,-10092.112,-15231.593,-1488.276,-7109.851,-2667.572,6706.113,-9049.519,-7155.086,-5593.091,3536.444,-16548.032,-18675.152,-13050.312,-4669.420
-13019.143,-18336.676,-10103.183,-15263.064,-1287.336,-7137.295,-2689.941,6730.870,-9083.097,-7175.793,-5601.779,3510.569,-16584.014,-18703.416,-13081.665,-4686.012
-13182.527,-18494.038,-10225.157,-15419.366,-929.961,-7265.658,-2823.021,6729.114,-9238.171,-7319.703,-5678.019,3384.391,-16729.504,-18854.914,-13238.302,-4837.724
-13298.542,-18615.945,-10378.548,-15544.251,-804.474,-7358.658,-2928.751,6709.714,-9366.346,-7457.511,-5820.085,3241.042,-16844.195,-18984.534,-13371.787,-4940.616
-13239.587,-18553.030,-10312.705,-15480.032,-988.111,-7313.230,-2855.849,6702.062,-9281.859,-7389.016,-5762.833,3306.128,-16786.996,-18916.246,-13306.301,-4887.380
-12988.772,-18300.408,-10080.701,-15232.481,-1504.954,-7128.165,-2680.930,6708.768,-9113.727,-7148.874,-5601.434,3523.587,-16567.196,-18674.393,-13053.487,-4684.579
-13024.340,-18332.828,-10103.426,-15272.611,-1299.109,-7153.464,-2703.208,6724.343,-9085.324,-7172.850,-5608.972,3495.476,-16599.462,-18708.411,-13084.576,-4703.200
-13179.279,-18489.967,-10220.204,-15434.019,-943.874,-7273.467,-2822.930,6722.182,-9264.829,-7314.690,-5689.412,3361.870,-16740.846,-18860.351,-13241.742,-4835.456
-13300.328,-18618.387,-10376.848,-15555.463,-812.946,-7358.658,-2931.739,6712.640,-9379.224,-7456.366,-5825.148,3222.275,-16850.061,-18985.040,-13370.729,-4935.006
-13231.845,-18552.956,-10307.946,-15476.868,-989.895,-7302.176,-2854.581,6703.772,-9312.067,-7389.506,-5765.710,3288.558,-16783.769,-18910.682,-13298.099,-4871.504
-12994.402,-18307.143,-10085.120,-15228.485,-1495.411,-7105.726,-2669.474,6714.755,-9056.198,-7152.089,-5593.206,3535.166,-16546.859,-18668.197,-13047.666,-4655.335
-13023.311,-18336.380,-10101.969,-15266.783,-1292.420,-7137.790,-2690.711,6732.220,-9081.352,-7172.306,-5608.857,3502.983,-16582.645,-18701.645,-13073.728,-4685.773
-13179.820,-18487.006,-10223.361,-15430.966,-931.031,-7258.343,-2824.877,6732.850,-9252.372,-7311.639,-5682.738,3378.641,-16722.464,-18857.316,-13235.259,-4822.923
-13299.841,-18609.875,-10376.314,-15538.978,-801.085,-7346.998,-2929.657,6707.553,-9351.603,-7449.882,-5814.331,3236.729,-16834.808,-18973.279,-13357.764,-4925.815
-13240.291,-18551.402,-10310.326,-15476.813,-976.428,-7291.781,-2868.301,6706.653,-9287.275,-7384.384,-5759.668,3303.333,-16771.841,-18911.630,-13298.099,-4866.730
-12989.151,-18304.183,-10081.187,-15222.157,-1484.798,-7099.787,-2665.354,6720.607,-9055.597,-7145.496,-5590.444,3541.715,-16545.001,-18667.817,-13046.475,-4652.709
-13021.579,-18336.824,-10102.600,-15257.181,-1284.036,-7137.185,-2710.317,6722.137,-9085.625,-7171.052,-5602.987,3517.996,-16585.578,-18695.006,-13074.786,-4692.696
-13180.253,-18482.343,-10220.641,-15420.365,-927.731,-7260.158,-2828.047,6725.288,-9238.652,-7306.571,-5675.027,3377.762,-16722.659,-18848.591,-13225.205,-4832.114
-13301.194,-18612.910,-10377.188,-15538.312,-800.995,-7351.288,-2933.505,6703.862,-9359.727,-7448.247,-5814.906,3246.871,-16833.830,-18971.129,-13358.028,-4932.261
-13237.638,-18544.592,-10310.520,-15459.384,-979.906,-7306.465,-2872.558,6696.255,-9287.335,-7377.682,-5753.511,3303.013,-16781.032,-18897.277,-13276.270,-4881.411
-12988.826,-18300.112,-10081.284,-15210.168,-1490.417,-7115.241,-2667.935,6708.228,-9037.965,-7140.047,-5584.747,3539.000,-16552.725,-18655.551,-13023.720,-4670.852
-13013.783,-18321.651,-10095.365,-15251.797,-1287.961,-7143.454,-2689.352,6723.803,-9073.048,-7161.843,-5597.579,3528.219,-16582.645,-18690.201,-13060.101,-4690.786
-13169.047,-18478.864,-10216.903,-15407.266,-933.082,-7267.693,-2818.855,6725.243,-9235.463,-7302.103,-5670.539,3393.335,-16723.735,-18842.710,-13216.209,-4828.891
-13290.962,-18604.620,-10372.430,-15541.864,-807.238,-7358.493,-2915.665,6711.964,-9345.164,-7445.686,-5812.144,3253.819,-16836.470,-18974.228,-13352.737,-4937.990
-13223.400,-18536.450,-10302.022,-15470.596,-985.079,-7305.640,-2859.245,6713.405,-9291.126,-7373.540,-5756.849,3317.308,-16773.894,-18903.727,-13279.049,-4877.353
-12983.142,-18296.411,-10076.914,-15208.115,-1498.176,-7119.421,-2665.897,6709.759,-9033.091,-7134.761,-5589.178,3547.704,-16552.237,-18656.436,-13023.059,-4668.584
-13014.379,-18330.311,-10096.773,-15259.235,-1294.828,-7153.574,-2701.306,6729.879,-9075.996,-7166.802,-5601.261,3521.830,-16589.978,-18692.793,-13070.420,-4701.768
-13166.394,-18477.310,-10215.349,-15417.700,-940.753,-7280.232,-2820.213,6719.301,-9247.498,-7300.632,-5680.091,3372.092,-16743.681,-18845.682,-13220.310,-4844.528
-13297.784,-18607.285,-10376.023,-15540.144,-811.074,-7366.302,-2923.996,6701.341,-9381.871,-7446.231,-5819.337,3229.462,-16856.710,-18971.951,-13353.927,-4950.404
-13243.106,-18555.917,-10314.550,-15484.140,-984.276,-7307.620,-2869.977,6700.891,-9306.531,-7384.003,-5766.976,3300.777,-16790.125,-18915.045,-13292.410,-4880.337
-12998.950,-18309.068,-10089.053,-15230.761,-1496.838,-7113.976,-2675.451,6708.994,-9061.915,-7149.201,-5596.255,3529.097,-16556.637,-18668.323,-13043.829,-4667.033
-13030.187,-18353.626,-10110.224,-15279.216,-1290.190,-7140.429,-2709.593,6729.024,-9084.481,-7182.877,-5610.928,3508.813,-16581.667,-18711.446,-13091.852,-4691.264
-13187.995,-18502.402,-10230.159,-15445.175,-934.331,-7267.583,-2828.726,6716.961,-9234.560,-7321.066,-5686.132,3369.137,-16731.850,-18865.663,-13253.251,-4832.233
-13307.095,-18620.312,-10385.006,-15561.125,-811.341,-7363.057,-2913.129,6715.025,-9393.064,-7458.819,-5829.751,3223.792,-16855.537,-18986.494,-13370.596,-4933.335
-13246.895,-18564.059,-10323.776,-15499.958,-985.703,-7306.410,-2874.550,6704.492,-9318.085,-7396.426,-5770.083,3288.878,-16788.658,-18922.696,-13313.048,-4876.876
-13003.984,-18321.207,-10094.248,-15248.356,-1498.533,-7120.795,-2659.784,6712.640,-9060.290,-7163.533,-5604.483,3526.941,-16560.743,-18684.636,-13072.008,-4668.465
-13037.062,-18358.734,-10115.565,-15290.095,-1294.114,-7144.224,-2706.287,6724.838,-9115.171,-7189.416,-5618.005,3500.667,-16586.165,-18715.492,-13103.758,-4693.770
-13203.424,-18517.057,-10241.715,-15456.443,-938.255,-7276.602,-2831.216,6714.710,-9274.036,-7333.816,-5693.497,3364.426,-16736.348,-18872.808,-13263.570,-4840.589
-13320.738,-18640.297,-10395.154,-15573.613,-816.960,-7370.592,-2939.528,6694.860,-9396.314,-7472.169,-5837.059,3212.452,-16855.732,-18999.077,-13391.366,-4956.372
-13261.566,-18575.087,-10330.088,-15504.676,-991.590,-7317.905,-2879.395,6698.326,-9330.120,-7402.420,-5777.390,3280.413,-16799.511,-18929.082,-13320.589,-4889.170
-13015.516,-18328.090,-10102.697,-15247.412,-1504.687,-7128.330,-2698.499,6688.153,-9081.172,-7163.642,-5607.591,3514.722,-16563.579,-18681.285,-13068.171,-4687.205
-13037.820,-18358.882,-10119.498,-15292.870,-1299.198,-7161.548,-2723.992,6707.508,-9114.750,-7191.377,-5616.452,3492.042,-16604.938,-18717.326,-13108.918,-4714.420
-13201.529,-18519.796,-10243.366,-15442.011,-940.753,-7288.756,-2840.227,6691.349,-9272.170,-7333.435,-5690.390,3356.120,-16751.699,-18866.737,-13259.204,-4864.700
-13316.515,-18636.892,-10392.969,-15562.734,-814.017,-7378.732,-2943.150,6689.908,-9366.466,-7470.480,-5825.436,3217.563,-16868.345,-18990.731,-13384.355,-4967.473
-13249.386,-18568.648,-10325.330,-15498.515,-987.665,-7320.875,-2875.003,6683.651,-9312.970,-7400.677,-5772.845,3293.031,-16795.893,-18925.667,-13313.313,-4897.526
-13005.446,-18323.871,-10095.074,-15244.748,-1498.087,-7131.905,-2689.352,6694.409,-9074.311,-7160.427,-5599.995,3522.309,-16570.423,-18677.239,-13061.424,-4687.683
-13029.753,-18343.930,-10111.243,-15286.154,-1296.077,-7162.758,-2719.056,6704.177,-9106.566,-7181.188,-5616.394,3494.038,-16606.209,-18710.877,-13097.805,-4716.450
-13191.568,-18510.470,-10231.955,-15447.506,-931.566,-7280.342,-2843.986,6709.399,-9263.324,-7324.825,-5686.938,3355.401,-16746.419,-18862.880,-13256.558,-4846.438
-13308.557,-18625.123,-10386.802,-15565.676,-809.379,-7368.062,-2933.822,6691.709,-9378.742,-7460.453,-5826.644,3220.038,-16857.785,-18986.431,-13385.678,-4950.046
-13243.322,-18559.321,-10319.600,-15494.297,-987.844,-7313.945,-2867.667,6698.371,-9329.157,-7391.631,-5765.825,3280.413,-16793.547,-18916.499,-13313.974,-4882.486
-12996.189,-18316.174,-10089.004,-15247.468,-1491.844,-7112.876,-2674.274,6710.344,-9075.996,-7156.449,-5597.406,3523.587,-16556.832,-18672.813,-13066.055,-4662.497
-13025.260,-18346.447,-10108.718,-15281.159,-1285.909,-7141.034,-2702.257,6730.600,-9102.474,-7181.133,-5607.591,3508.892,-16582.352,-18705.692,-13100.187,-4689.354
-13182.527,-18498.627,-10229.576,-15440.291,-925.769,-7269.012,-2837.556,6718.266,-9265.190,-7322.210,-5682.392,3368.578,-16732.339,-18860.984,-13251.267,-4833.666
-13306.012,-18621.866,-10385.588,-15547.415,-808.220,-7360.968,-2920.465,6703.637,-9362.856,-7456.421,-5818.416,3234.413,-16845.270,-18977.199,-13366.892,-4936.916
-13237.042,-18555.621,-10316.007,-15483.196,-980.976,-7302.231,-2873.690,6703.592,-9304.365,-7387.762,-5761.452,3302.534,-16778.685,-18910.113,-13305.904,-4869.594
-12993.753,-18307.588,-10085.654,-15234.924,-1493.449,-7109.741,-2668.206,6713.270,-9064.262,-7148.384,-5592.630,3540.517,-16544.121,-18667.501,-13045.681,-4665.839
-13025.206,-18338.971,-10105.951,-15269.225,-1292.152,-7144.004,-2706.831,6725.963,-9052.588,-7173.722,-5600.743,3511.847,-16581.667,-18700.634,-13084.179,-4694.964
-13182.094,-18495.814,-10225.449,-15426.526,-931.477,-7269.672,-2823.383,6722.677,-9252.493,-7313.164,-5680.206,3374.568,-16727.157,-18848.211,-13239.228,-4828.772
-13301.790,-18618.461,-10380.781,-15544.695,-810.984,-7363.552,-2925.128,6706.833,-9361.472,-7452.661,-5818.186,3233.934,-16847.617,-18970.624,-13367.553,-4944.555
-13240.453,-18555.695,-10315.715,-15475.092,-986.863,-7304.266,-2871.607,6698.731,-9294.315,-7387.544,-5760.128,3305.169,-16781.129,-18904.106,-13297.305,-4877.592
-13000.899,-18311.659,-10092.549,-15232.426,-1494.609,-7112.161,-2675.089,6707.418,-9052.407,-7152.198,-5592.112,3541.076,-16559.276,-18667.691,-13053.619,-4667.988
-13030.295,-18340.673,-10108.961,-15270.114,-1292.152,-7145.654,-2720.415,6724.118,-9077.140,-7176.665,-5603.390,3512.885,-16582.254,-18703.352,-13084.576,-4697.232
-13192.759,-18504.918,-10233.315,-15437.405,-934.866,-7277.977,-2836.605,6717.951,-9242.804,-7323.627,-5682.565,3374.328,-16740.944,-18859.340,-13248.621,-4838.440
-13304.876,-18624.235,-10383.743,-15559.626,-815.444,-7373.727,-2925.355,6698.596,-9367.549,-7462.633,-5822.329,3231.139,-16860.132,-18984.281,-13385.149,-4953.149
-13243.052,-18559.173,-10316.638,-15492.299,-993.998,-7321.645,-2877.539,6688.198,-9305.628,-7395.446,-5764.329,3300.697,-16796.382,-18918.459,-13315.562,-4895.735
-12999.491,-18317.580,-10090.412,-15241.418,-1504.419,-7134.215,-2674.455,6698.596,-9068.956,-7158.901,-5592.515,3533.409,-16569.152,-18673.761,-13072.802,-4692.099
-13035.546,-18354.071,-10113.817,-15274.165,-1298.039,-7163.583,-2714.981,6706.428,-9088.092,-7183.803,-5606.037,3499.149,-16605.133,-18706.008,-13096.085,-4710.839
-13198.605,-18508.841,-10236.471,-15437.738,-936.828,-7291.231,-2852.000,6702.197,-9258.691,-7326.242,-5683.773,3359.554,-16753.361,-18860.098,-13251.399,-4855.032
-13321.983,-18638.150,-10393.357,-15565.565,-808.487,-7367.127,-2928.525,6688.558,-9377.418,-7468.736,-5823.249,3219.879,-16854.950,-18989.087,-13386.736,-4951.598
-13262.811,-18578.492,-10331.739,-15493.631,-983.652,-7314.055,-2883.244,6685.677,-9321.033,-7402.802,-5767.551,3289.756,-16792.471,-18919.281,-13315.429,-4892.632
-13009.669,-18320.171,-10096.725,-15251.963,-1492.022,-7115.461,-2688.084,6695.085,-9063.901,-7162.170,-5598.327,3523.028,-16552.725,-18682.676,-13073.595,-4674.911
-13040.310,-18355.921,-10118.575,-15298.088,-1287.515,-7145.434,-2721.139,6714.125,-9111.741,-7191.704,-5613.402,3501.146,-16585.383,-18718.528,-13114.474,-4694.248
-13192.867,-18506.251,-10236.617,-15467.377,-927.731,-7270.442,-2833.480,6713.405,-9280.535,-7327.822,-5694.245,3367.460,-16735.664,-18877.360,-13272.566,-4830.562
-13305.904,-18624.531,-10384.277,-15570.949,-810.449,-7365.862,-2937.173,6698.236,-9383.015,-7462.142,-5828.083,3230.740,-16851.039,-18990.667,-13388.985,-4950.165
-13246.462,-18564.577,-10321.202,-15494.241,-984.722,-7306.960,-2857.162,6702.692,-9305.147,-7393.103,-5767.781,3304.690,-16781.814,-18918.839,-13318.605,-4878.905
-12997.488,-18320.097,-10090.121,-15249.188,-1490.774,-7106.606,-2665.354,6710.884,-9072.326,-7154.868,-5597.694,3536.205,-16544.219,-18676.922,-13061.689,-4662.378
-13031.594,-18350.666,-10112.506,-15285.766,-1281.450,-7133.940,-2697.956,6732.040,-9087.430,-7181.460,-5610.583,3513.444,-16573.454,-18710.561,-13094.498,-4682.789
-13187.832,-18507.731,-10234.674,-15446.618,-925.858,-7266.703,-2833.662,6729.384,-9259.654,-7323.736,-5685.269,3378.082,-16728.917,-18859.340,-13249.282,-4827.697
-13310.831,-18631.489,-10389.084,-15554.464,-803.047,-7351.178,-2933.324,6716.376,-9360.689,-7461.162,-5819.740,3248.229,-16834.515,-18975.050,-13369.670,-4928.322
-13238.829,-18555.250,-10317.755,-15484.695,-975.268,-7294.586,-2859.834,6707.868,-9308.336,-7387.926,-5762.085,3314.353,-16768.712,-18908.153,-13301.539,-4866.730
-13002.631,-18315.137,-10092.258,-15233.314,-1482.836,-7097.862,-2673.957,6715.745,-9056.379,-7151.000,-5586.186,3550.899,-16533.757,-18664.340,-13053.751,-4651.396
-13031.702,-18341.266,-10111.438,-15272.500,-1281.807,-7134.600,-2698.318,6723.668,-9089.055,-7176.011,-5603.218,3521.031,-16571.792,-18699.432,-13085.502,-4685.295
-13189.023,-18497.813,-10233.752,-15433.075,-924.342,-7263.073,-2829.813,6723.668,-9242.383,-7317.960,-5679.458,3378.082,-16723.735,-18853.017,-13246.372,-4824.833
-13306.770,-18623.717,-10386.608,-15553.798,-805.187,-7355.798,-2930.064,6713.270,-9360.930,-7454.459,-5813.180,3240.802,-16838.524,-18976.061,-13377.343,-4938.348
-13250.414,-18560.876,-10324.067,-15495.018,-981.690,-7299.261,-2870.294,6701.882,-9302.379,-7390.378,-5761.509,3301.815,-16776.338,-18914.413,-13307.756,-4870.191
-13009.723,-18318.764,-10098.133,-15245.081,-1489.168,-7109.081,-2690.937,6702.872,-9069.678,-7157.702,-5592.458,3529.656,-16548.423,-18673.635,-13063.144,-4663.332
-13042.692,-18354.885,-10119.352,-15288.153,-1284.928,-7148.954,-2713.804,6719.752,-9098.683,-7185.874,-5606.785,3502.903,-16602.298,-18712.015,-13097.938,-4696.038
-13200.717,-18514.911,-10238.899,-15444.176,-927.999,-7276.492,-2841.359,6718.221,-9266.273,-7327.768,-5686.075,3363.867,-16737.424,-18862.248,-13256.823,-4836.411
-13318.843,-18637.632,-10392.386,-15558.571,-809.736,-7368.942,-2932.600,6697.335,-9372.905,-7463.777,-5817.668,3229.702,-16854.559,-18982.447,-13376.549,-4945.749
-13251.659,-18571.016,-10324.407,-15490.911,-986.060,-7312.570,-2869.252,6696.120,-9310.563,-7395.827,-5761.855,3298.142,-16788.462,-18914.729,-13315.562,-4882.844
-13011.509,-18329.201,-10098.764,-15245.025,-1492.022,-7115.461,-2679.617,6708.318,-9061.434,-7160.971,-5593.608,3533.489,-16554.388,-18675.848,-13064.599,-4670.256
-13048.647,-18363.915,-10123.382,-15283.213,-1284.036,-7139.164,-2715.298,6725.828,-9034.415,-7190.887,-5602.642,3505.219,-16581.472,-18709.486,-13100.980,-4682.550
-13205.264,-18523.275,-10242.880,-15449.949,-922.915,-7265.328,-2832.032,6726.773,-9265.852,-7333.435,-5686.247,3370.415,-16722.366,-18865.852,-13264.628,-4823.878
-13320.792,-18644.590,-10397.679,-15562.901,-806.882,-7357.998,-2926.260,6710.839,-9374.470,-7471.787,-5821.005,3233.774,-16842.728,-18986.178,-13388.588,-4929.993
-13250.198,-18570.646,-10324.358,-15490.467,-984.990,-7305.860,-2866.354,6702.827,-9307.373,-7397.244,-5764.156,3303.173,-16780.152,-18911.567,-13319.928,-4871.743
-13006.312,-18324.464,-10093.957,-15252.019,-1493.271,-7110.621,-2674.002,6708.723,-9068.294,-7161.080,-5596.831,3532.291,-16549.694,-18675.784,-13072.140,-4654.858
-13042.584,-18362.213,-10120.809,-15288.153,-1288.050,-7144.114,-2711.404,6730.780,-9101.631,-7189.198,-5607.476,3508.333,-16584.405,-18708.474,-13113.548,-4691.502
-13194.599,-18516.687,-10237.636,-15455.666,-924.966,-7265.603,-2838.190,6725.153,-9269.101,-7328.967,-5689.239,3370.734,-16726.375,-18866.801,-13268.994,-4821.490
-13308.665,-18634.079,-10385.006,-15566.619,-810.271,-7357.118,-2916.887,6711.649,-9374.289,-7462.469,-5824.458,3233.695,-16842.728,-18983.712,-13383.958,-4928.560
-13241.103,-18564.207,-10319.551,-15494.796,-985.971,-7304.046,-2873.644,6704.762,-9306.832,-7390.705,-5765.077,3293.031,-16778.880,-18912.389,-13312.254,-4873.414
-12992.832,-18310.474,-10087.451,-15243.638,-1491.844,-7106.166,-2672.055,6711.739,-9058.545,-7149.746,-5597.694,3535.406,-16546.761,-18669.398,-13060.234,-4654.738
-13027.642,-18345.040,-10109.689,-15277.163,-1285.731,-7139.879,-2696.688,6722.992,-9101.571,-7175.085,-5607.763,3504.021,-16584.014,-18699.938,-13092.513,-4690.309
-13184.476,-18507.509,-10229.722,-15438.681,-918.277,-7260.653,-2826.281,6726.143,-9255.261,-7320.684,-5684.291,3377.123,-16720.997,-18854.028,-13253.648,-4818.029
-13298.379,-18622.903,-10380.004,-15556.296,-805.633,-7354.258,-2931.830,6711.919,-9378.923,-7453.260,-5820.833,3235.212,-16841.164,-18975.176,-13380.651,-4924.144
-13238.017,-18559.914,-10313.822,-15486.637,-984.455,-7309.985,-2869.162,6696.345,-9295.218,-7383.894,-5763.523,3304.451,-16782.205,-18901.830,-13298.628,-4890.244
-12992.941,-18312.843,-10080.264,-15229.762,-1491.933,-7115.461,-2667.255,6699.811,-9059.087,-7145.387,-5590.904,3529.337,-16552.628,-18658.586,-13047.666,-4672.165
-13031.486,-18352.220,-10108.815,-15279.938,-1289.031,-7151.594,-2710.362,6717.951,-9104.640,-7175.847,-5603.333,3498.670,-16601.809,-18696.650,-13099.922,-4704.633
-13188.536,-18506.991,-10229.673,-15445.619,-934.153,-7284.907,-2833.662,6707.463,-9266.393,-7318.614,-5688.089,3354.044,-16740.748,-18855.040,-13251.796,-4846.199
-13299.733,-18621.126,-10377.674,-15558.849,-816.603,-7370.207,-2929.430,6700.981,-9376.215,-7451.299,-5822.271,3217.962,-16857.394,-18971.888,-13376.682,-4943.481
-13242.781,-18563.910,-10315.084,-15493.020,-992.303,-7318.125,-2889.493,6690.718,-9319.709,-7385.964,-5768.644,3287.760,-16795.013,-18904.928,-13305.111,-4889.289
-12996.135,-18319.578,-10086.091,-15234.257,-1502.457,-7128.440,-2683.647,6695.310,-9062.457,-7146.586,-5594.759,3521.510,-16566.414,-18659.345,-13051.634,-4687.444
-13034.301,-18352.738,-10110.175,-15274.221,-1294.650,-7157.478,-2717.698,6713.810,-9093.508,-7173.014,-5608.741,3502.504,-16598.484,-18694.564,-13083.517,-4701.768
-13198.335,-18517.353,-10236.956,-15450.892,-929.604,-7281.222,-2831.986,6708.813,-9256.103,-7324.662,-5685.902,3365.544,-16738.206,-18860.415,-13263.306,-4841.424
-13312.563,-18634.227,-10389.521,-15560.458,-817.138,-7374.827,-2927.257,6700.441,-9368.211,-7459.581,-5818.071,3228.344,-16854.461,-18977.958,-13382.635,-4944.794
-13248.303,-18569.240,-10321.688,-15499.237,-993.463,-7319.665,-2864.905,6692.789,-9293.653,-7391.522,-5768.242,3294.708,-16791.689,-18914.855,-13319.134,-4892.393
-13004.039,-18324.464,-10089.927,-15250.798,-1501.654,-7120.740,-2685.956,6701.071,-9075.816,-7153.997,-5600.398,3522.229,-16561.330,-18672.560,-13064.599,-4676.701
-13039.769,-18361.472,-10115.225,-15282.103,-1289.298,-7146.369,-2712.083,6715.475,-9103.015,-7182.223,-5608.108,3503.382,-16589.880,-18702.341,-13100.848,-4698.664
-13199.093,-18514.837,-10239.384,-15452.946,-920.864,-7264.613,-2839.548,6717.231,-9269.523,-7328.531,-5689.700,3364.266,-16729.308,-18865.726,-13269.391,-4823.639
-13303.630,-18631.489,-10384.374,-15564.899,-810.092,-7355.468,-2933.551,6697.020,-9368.873,-7459.745,-5822.099,3234.174,-16841.946,-18980.740,-13386.736,-4934.767
-13246.570,-18570.942,-10320.862,-15494.130,-989.360,-7302.176,-2867.803,6698.416,-9300.333,-7394.792,-5767.206,3294.628,-16777.805,-18913.021,-13321.118,-4868.520
-13001.278,-18329.867,-10091.529,-15238.920,-1496.214,-7112.491,-2674.364,6697.965,-9061.374,-7156.776,-5591.940,3534.448,-16550.672,-18669.525,-13058.249,-4667.510
-13028.292,-18358.808,-10111.195,-15282.769,-1286.534,-7140.429,-2710.815,6716.331,-9109.575,-7183.313,-5608.857,3501.785,-16586.165,-18702.278,-13105.743,-4692.577
-13199.851,-18517.131,-10241.958,-15454.889,-921.399,-7265.548,-2835.654,6718.446,-9271.809,-7328.422,-5687.053,3365.863,-16728.233,-18861.742,-13270.185,-4828.652
-13312.888,-18636.596,-10387.725,-15558.738,-811.252,-7355.743,-2935.951,6700.801,-9366.346,-7460.290,-5821.753,3230.340,-16842.630,-18976.947,-13377.211,-4938.110
-13245.488,-18570.868,-10321.348,-15495.240,-992.660,-7310.040,-2878.082,6691.664,-9304.124,-7395.010,-5768.529,3293.989,-16784.747,-18909.860,-13317.943,-4884.634
-13002.902,-18323.575,-10089.878,-15239.586,-1499.960,-7116.506,-2685.096,6700.846,-9059.448,-7152.253,-5595.105,3528.538,-16555.854,-18662.696,-13063.806,-4670.136
-13027.642,-18351.702,-10107.456,-15282.824,-1292.242,-7151.484,-2707.555,6709.849,-9099.826,-7177.482,-5613.575,3501.545,-16590.956,-18701.582,-13099.260,-4704.752
-13189.077,-18512.838,-10233.606,-15445.730,-930.496,-7281.662,-2852.453,6710.299,-9269.944,-7323.300,-5689.757,3359.714,-16741.335,-18858.138,-13263.570,-4842.499
-13307.095,-18632.821,-10383.840,-15555.186,-820.349,-7373.947,-2927.664,6696.435,-9377.479,-7458.056,-5819.740,3224.990,-16859.643,-18972.141,-13383.826,-4949.927
-13239.370,-18564.725,-10314.453,-15488.635,-994.890,-7317.960,-2874.324,6690.583,-9309.239,-7385.528,-5767.724,3294.069,-16793.156,-18903.727,-13306.566,-4887.618
-12989.855,-18315.285,-10079.439,-15229.429,-1502.903,-7123.050,-2676.583,6703.952,-9074.071,-7140.864,-5595.047,3525.823,-16561.036,-18657.132,-13049.121,-4671.330
-13022.337,-18351.036,-10104.397,-15270.946,-1295.096,-7152.254,-2702.891,6720.697,-9109.936,-7171.216,-5607.245,3502.504,-16592.618,-18692.540,-13088.412,-4697.709
-13191.676,-18507.361,-10230.450,-15439.736,-930.496,-7285.347,-2838.959,6718.086,-9244.369,-7318.178,-5682.680,3357.877,-16743.975,-18850.108,-13251.399,-4843.931
-13301.519,-18624.975,-10379.907,-15555.352,-820.082,-7372.352,-2916.299,6701.386,-9363.999,-7453.151,-5821.351,3224.191,-16854.559,-18972.773,-13375.888,-4943.242
-13237.909,-18563.614,-10314.307,-15486.138,-997.565,-7321.700,-2871.380,6696.435,-9309.901,-7384.820,-5766.285,3293.749,-16791.298,-18904.043,-13308.286,-4884.634
-13001.332,-18322.909,-10090.024,-15239.530,-1508.522,-7131.905,-2685.549,6696.300,-9072.988,-7152.416,-5596.198,3521.430,-16570.814,-18665.162,-13062.218,-4679.089
-13035.708,-18365.321,-10115.808,-15284.212,-1298.752,-7165.288,-2717.426,6700.936,-9104.941,-7185.329,-5611.561,3489.486,-16608.066,-18703.163,-13107.860,-4713.943
-13202.828,-18528.530,-10241.812,-15453.834,-929.693,-7285.402,-2846.974,6709.219,-9258.510,-7333.708,-5688.261,3354.124,-16748.961,-18863.576,-13272.169,-4845.960
-13315.432,-18652.213,-10389.619,-15562.013,-817.673,-7363.717,-2930.517,6698.145,-9363.698,-7467.755,-5819.452,3227.465,-16847.714,-18979.792,-13390.440,-4937.871
-13247.491,-18582.489,-10322.562,-15491.244,-990.876,-7309.985,-2882.248,6691.033,-9312.248,-7397.462,-5766.803,3293.909,-16782.205,-18910.429,-13326.013,-4881.411
-13005.121,-18337.639,-10093.569,-15252.685,-1495.055,-7111.501,-2673.866,6704.132,-9058.305,-7162.061,-5594.126,3532.291,-16545.881,-18671.738,-13079.945,-4662.736
-13040.473,-18366.802,-10116.148,-15288.985,-1286.979,-7141.749,-2711.313,6722.272,-9096.637,-7187.454,-5608.051,3504.101,-16580.983,-18705.060,-13123.867,-4685.534
-13205.210,-18521.720,-10242.589,-15447.506,-927.374,-7279.187,-2845.480,6705.933,-9253.456,-7328.640,-5689.297,3364.266,-16737.228,-18858.581,-13271.640,-4842.976
-13316.028,-18637.632,-10388.599,-15555.963,-813.660,-7361.297,-2934.049,6700.576,-9369.295,-7460.562,-5820.833,3225.070,-16843.412,-18972.394,-13382.900,-4940.019
-13248.032,-18574.495,-10319.940,-15479.588,-987.219,-7307.400,-2871.743,6700.126,-9300.874,-7388.525,-5767.724,3290.156,-16786.116,-18900.945,-13302.994,-4877.234
-12997.542,-18319.504,-10088.567,-15231.704,-1490.952,-7108.586,-2665.987,6706.473,-9058.786,-7147.240,-5590.329,3538.041,-16544.903,-18658.712,-13056.397,-4660.587
-13028.941,-18353.923,-10109.544,-15281.880,-1283.412,-7135.645,-2701.533,6721.912,-9094.892,-7177.264,-5609.605,3512.806,-16576.974,-18701.835,-13104.023,-4684.699
-13191.026,-18515.207,-10233.849,-15445.453,-913.015,-7260.433,-2831.262,6727.179,-9255.983,-7322.155,-5684.579,3377.842,-16720.997,-18856.368,-13260.395,-4820.177
-13298.704,-18628.602,-10379.082,-15554.741,-807.328,-7348.098,-2915.393,6715.070,-9357.019,-7453.206,-5819.452,3240.403,-16834.417,-18973.975,-13377.476,-4918.176
-13233.524,-18559.617,-10309.937,-15482.141,-986.863,-7301.791,-2870.067,6704.042,-9303.161,-7382.041,-5763.063,3304.211,-16773.601,-18899.996,-13303.655,-4869.117
-12989.259,-18310.326,-10078.419,-15228.485,-1495.411,-7115.626,-2681.383,6705.618,-9051.083,-7138.957,-5588.833,3533.170,-16554.192,-18653.654,-13051.502,-4666.675
-13025.747,-18348.297,-10104.737,-15275.553,-1290.636,-7153.299,-2703.887,6714.080,-9079.366,-7171.434,-5606.555,3491.882,-16599.169,-18693.172,-13089.206,-4701.290
-13185.775,-18508.397,-10225.012,-15441.789,-930.407,-7294.696,-2845.933,6705.483,-9266.393,-7315.399,-5689.009,3349.731,-16761.281,-18850.487,-13255.103,-4858.493
-13302.223,-18628.306,-10375.149,-15555.907,-824.184,-7385.936,-2919.423,6685.992,-9368.933,-7448.738,-5821.926,3214.688,-16874.212,-18969.612,-13375.227,-4957.805
-13235.581,-18560.802,-10309.791,-15486.360,-1003.006,-7331.489,-2874.550,6689.053,-9302.559,-7378.499,-5768.069,3282.090,-16806.258,-18904.549,-13301.803,-4900.868
-12987.310,-18312.103,-10078.128,-15235.867,-1505.400,-7132.125,-2683.964,6691.754,-9064.443,-7140.101,-5592.170,3518.635,-16570.325,-18661.937,-13048.327,-4687.444
-13025.801,-18352.146,-10108.233,-15284.656,-1294.025,-7154.949,-2718.015,6710.794,-9077.802,-7174.376,-5605.174,3497.952,-16595.062,-18699.622,-13101.774,-4708.452
-13189.944,-18512.764,-10230.596,-15442.789,-927.642,-7281.717,-2844.121,6708.903,-9264.347,-7318.559,-5686.765,3356.120,-16741.139,-18852.068,-13258.675,-4843.692
-13303.901,-18634.597,-10379.130,-15554.131,-817.941,-7365.147,-2927.257,6693.599,-9371.822,-7454.841,-5816.345,3230.261,-16844.977,-18969.485,-13383.032,-4947.301
-13240.074,-18572.645,-10315.958,-15491.633,-991.679,-7309.105,-2864.498,6699.046,-9298.527,-7389.615,-5765.307,3291.753,-16783.476,-18907.710,-13311.328,-4880.337
-12989.205,-18316.026,-10082.643,-15239.253,-1498.711,-7110.456,-2678.032,6703.772,-9053.912,-7146.313,-5594.069,3527.660,-16548.423,-18666.932,-13064.202,-4656.409
-13027.859,-18358.586,-10109.447,-15284.711,-1289.744,-7140.649,-2709.593,6724.793,-9105.483,-7181.787,-5610.755,3504.979,-16582.840,-18706.324,-13103.097,-4676.940
-13196.278,-18521.498,-10239.676,-15453.445,-926.572,-7277.812,-2833.526,6713.135,-9269.162,-7330.438,-5691.368,3365.384,-16730.482,-18865.789,-13272.566,-4840.947
-13313.321,-18637.854,-10389.279,-15566.453,-820.438,-7367.402,-2922.729,6700.261,-9370.438,-7462.306,-5822.156,3226.827,-16846.052,-18980.993,-13390.837,-4943.839
-13251.497,-18577.974,-10328.486,-15487.747,-991.768,-7308.390,-2876.180,6696.570,-9294.255,-7397.244,-5765.134,3294.468,-16776.729,-18909.354,-13314.371,-4878.785
-13008.478,-18335.936,-10098.182,-15247.024,-1497.017,-7115.571,-2673.912,6704.852,-9065.285,-7162.443,-5594.817,3538.521,-16546.761,-18673.635,-13073.463,-4661.661
-13042.476,-18373.981,-10123.674,-15287.986,-1287.782,-7145.819,-2706.966,6711.919,-9091.702,-7192.576,-5608.972,3508.573,-16579.809,-18709.928,-13115.797,-4694.009
-13209.054,-18534.451,-10251.621,-15455.999,-921.131,-7275.392,-2839.910,6716.871,-9278.007,-7338.666,-5690.275,3367.620,-16733.513,-18869.836,-13273.095,-4834.620
-13323.499,-18659.911,-10401.515,-15572.669,-808.041,-7356.513,-2927.302,6710.569,-9369.415,-7476.909,-5820.142,3239.285,-16845.172,-18988.644,-13396.923,-4931.067
-13255.557,-18589.150,-10333.147,-15492.521,-983.563,-7297.171,-2868.482,6710.749,-9288.418,-7403.892,-5763.120,3305.728,-16766.561,-18914.223,-13321.912,-4855.867
-13007.612,-18336.380,-10098.279,-15244.470,-1494.609,-7113.151,-2666.848,6710.029,-9102.654,-7162.715,-5599.075,3533.010,-16548.717,-18671.927,-13069.097,-4661.661
-13037.712,-18375.906,-10117.993,-15286.931,-1285.196,-7147.359,-2718.785,6721.012,-9087.731,-7191.595,-5602.815,3511.528,-16584.600,-18703.416,-13108.918,-4695.441
-13197.739,-18525.273,-10241.278,-15441.290,-917.118,-7276.602,-2832.213,6714.080,-9262.482,-7333.217,-5685.787,3372.172,-16736.641,-18858.644,-13256.294,-4840.111
-13311.426,-18643.183,-10389.376,-15552.688,-813.036,-7362.507,-2932.736,6698.551,-9359.185,-7465.357,-5815.539,3239.444,-16844.781,-18974.860,-13379.725,-4937.035
-13241.265,-18578.122,-10321.008,-15492.798,-988.557,-7313.945,-2883.063,6698.326,-9293.352,-7395.282,-5762.315,3303.572,-16781.423,-18909.607,-13314.239,-4879.143
-12997.163,-18322.169,-10089.199,-15241.362,-1498.087,-7122.335,-2675.994,6700.711,-9055.898,-7150.836,-5586.301,3541.475,-16550.672,-18664.909,-13065.261,-4672.404
-13027.642,-18354.071,-10109.738,-15282.769,-1287.961,-7151.484,-2716.747,6720.517,-9101.932,-7176.719,-5604.944,3512.087,-16584.111,-18700.760,-13097.938,-4702.245
-13193.408,-18517.279,-10235.743,-15440.235,-917.831,-7276.547,-2826.553,6724.388,-9246.656,-7322.809,-5682.450,3370.894,-16732.730,-18853.965,-13254.706,-4835.933
-13308.232,-18632.895,-10383.355,-15546.582,-813.749,-7358.163,-2926.442,6705.753,-9363.277,-7453.969,-5815.999,3240.004,-16835.004,-18968.031,-13373.374,-4934.767
-13240.020,-18565.021,-10315.667,-15485.749,-989.806,-7301.131,-2861.373,6704.312,-9305.147,-7385.201,-5763.753,3301.576,-16772.134,-18900.565,-13303.788,-4865.536
-12994.240,-18320.171,-10082.692,-15233.647,-1498.176,-7113.701,-2666.893,6708.363,-9061.674,-7144.134,-5586.646,3534.208,-16546.370,-18658.459,-13048.724,-4662.616
-13027.967,-18351.628,-10104.882,-15282.158,-1292.063,-7145.709,-2703.480,6726.773,-9094.290,-7172.088,-5610.583,3504.181,-16577.658,-18694.311,-13089.868,-4694.725
-13193.733,-18515.133,-10234.092,-15447.839,-925.056,-7280.672,-2837.194,6714.620,-9262.663,-7321.284,-5686.708,3362.030,-16735.859,-18853.586,-13257.352,-4837.366
-13307.149,-18630.304,-10380.101,-15555.907,-819.190,-7364.267,-2939.981,6694.454,-9373.808,-7449.882,-5815.482,3232.976,-16841.652,-18965.123,-13367.950,-4939.423
-13244.676,-18568.204,-10316.201,-15487.636,-994.800,-7309.875,-2876.814,6686.937,-9299.250,-7383.458,-5764.847,3301.096,-16783.965,-18898.921,-13303.523,-4884.276
-12994.944,-18322.243,-10079.730,-15240.863,-1498.800,-7112.216,-2674.274,6705.257,-9061.434,-7144.134,-5591.595,3535.087,-16545.392,-18656.816,-13056.265,-4657.125
-13034.788,-18355.551,-10108.815,-15288.264,-1291.082,-7154.179,-2722.317,6718.941,-9101.270,-7173.504,-5608.108,3496.115,-16589.489,-18695.512,-13099.525,-4707.259
-13199.851,-18513.579,-10234.869,-15454.944,-926.304,-7279.902,-2837.782,6716.556,-9276.443,-7320.248,-5690.736,3359.714,-16738.304,-18854.597,-13262.776,-4836.530
-13312.401,-18635.041,-10382.626,-15565.953,-817.495,-7360.363,-2935.996,6701.701,-9377.238,-7452.062,-5820.027,3235.691,-16839.697,-18970.371,-13383.032,-4935.603
-13250.035,-18573.089,-10317.998,-15493.187,-991.857,-7306.465,-2877.267,6694.905,-9317.423,-7389.016,-5764.501,3297.742,-16777.805,-18897.973,-13312.254,-4872.936
-13006.204,-18323.501,-10086.334,-15238.975,-1505.400,-7124.920,-2692.250,6691.033,-9050.121,-7144.679,-5589.581,3526.462,-16557.810,-18653.148,-13060.631,-4679.805
-13046.644,-18365.913,-10116.585,-15280.992,-1295.185,-7155.774,-2708.234,6709.309,-9100.729,-7181.079,-5608.972,3498.191,-16593.107,-18693.868,-13099.393,-4706.065
-13211.436,-18534.081,-10246.619,-15454.334,-929.515,-7295.301,-2846.567,6701.656,-9254.840,-7331.964,-5686.363,3349.492,-16755.121,-18854.471,-13272.037,-4860.164
-13329.291,-18650.955,-10396.077,-15568.007,-825.790,-7377.027,-2944.599,6673.073,-9378.682,-7467.047,-5819.107,3221.556,-16866.096,-18972.394,-13392.689,-4959.356
-13259.455,-18582.637,-10325.330,-15497.239,-1001.043,-7320.765,-2879.621,6695.670,-9330.662,-7395.337,-5766.400,3284.326,-16796.969,-18901.324,-13320.060,-4889.528
-13010.210,-18329.053,-10092.500,-15248.633,-1505.400,-7127.450,-2684.915,6695.400,-9083.338,-7150.291,-5591.077,3523.267,-16569.054,-18658.586,-13069.891,-4677.776
-13044.966,-18358.438,-10110.661,-15290.650,-1291.885,-7153.794,-2722.543,6719.887,-9116.435,-7179.062,-5610.122,3505.618,-16589.391,-18698.168,-13108.521,-4704.513
-13199.093,-18519.056,-10238.122,-15458.108,-920.596,-7278.582,-2835.201,6718.806,-9278.068,-7327.005,-5688.376,3367.380,-16735.370,-18856.621,-13273.095,-4838.201
-13313.862,-18640.001,-10387.385,-15559.404,-813.036,-7356.513,-2943.558,6703.187,-9361.472,-7458.928,-5818.359,3242.479,-16835.786,-18970.371,-13382.370,-4929.277
-13252.471,-18570.942,-10323.436,-15501.124,-985.882,-7296.511,-2870.973,6702.062,-9303.221,-7390.324,-5766.458,3306.527,-16766.756,-18906.003,-13311.858,-4865.058
-13006.962,-18325.426,-10088.373,-15241.196,-1486.938,-7095.662,-2672.508,6711.199,-9049.158,-7152.580,-5587.452,3548.743,-16525.446,-18658.523,-13066.584,-4647.576
-13036.737,-18360.140,-10114.351,-15285.488,-1276.812,-7129.650,-2701.986,6726.413,-9083.097,-7181.569,-5603.103,3513.444,-16563.481,-18698.421,-13105.346,-4678.492
-13197.631,-18520.240,-10239.481,-15450.504,-910.696,-7268.078,-2842.582,6731.050,-9249.845,-7329.730,-5683.543,3361.071,-16732.926,-18859.340,-13267.010,-4839.873
-13311.913,-18635.189,-10387.822,-15560.680,-806.436,-7345.733,-2915.257,6708.138,-9371.401,-7459.036,-5813.813,3244.556,-16824.053,-18973.722,-13386.472,-4925.099
-13243.701,-18565.613,-10316.395,-15492.687,-978.925,-7289.306,-2859.155,6708.678,-9301.837,-7388.907,-5763.466,3317.228,-16758.250,-18905.434,-13313.445,-4860.881
-13003.118,-18320.171,-10087.499,-15243.527,-1490.328,-7097.972,-2678.213,6713.450,-9062.036,-7148.166,-5586.991,3550.579,-16528.282,-18660.356,-13067.907,-4645.786
-13036.358,-18354.367,-10110.758,-15283.934,-1280.647,-7134.930,-2712.355,6727.629,-9100.007,-7176.774,-5604.541,3526.222,-16565.436,-18692.350,-13101.906,-4681.237
-13190.431,-18508.397,-10233.169,-15445.064,-917.207,-7274.017,-2839.548,6716.736,-9257.006,-7319.594,-5684.118,3375.366,-16729.113,-18849.602,-13258.411,-4830.801
-13310.019,-18633.487,-10380.101,-15562.346,-816.514,-7359.153,-2935.000,6700.891,-9367.429,-7455.822,-5813.698,3238.326,-16838.328,-18964.301,-13384.752,-4929.993
-13245.488,-18569.832,-10317.512,-15494.130,-991.679,-7306.135,-2876.225,6696.075,-9300.393,-7389.288,-5763.753,3301.576,-16775.752,-18897.467,-13316.356,-4873.175
-13004.309,-18319.504,-10085.217,-15245.136,-1499.336,-7113.701,-2683.194,6708.273,-9059.448,-7146.967,-5591.364,3535.087,-16547.837,-18655.488,-13065.658,-4659.155
-13032.731,-18350.000,-10106.339,-15282.713,-1287.604,-7148.349,-2712.717,6720.517,-9089.416,-7174.540,-5605.347,3505.139,-16581.178,-18691.465,-13100.980,-4692.577
-13194.599,-18513.134,-10231.372,-15444.787,-920.061,-7278.857,-2830.130,6722.632,-9265.130,-7319.322,-5684.464,3365.464,-16734.588,-18848.022,-13260.527,-4832.472
-13302.169,-18631.267,-10377.528,-15554.686,-816.782,-7357.448,-2926.940,6703.727,-9369.896,-7450.481,-5816.230,3240.083,-16835.004,-18961.771,-13376.814,-4930.470
-13238.937,-18557.915,-10312.559,-15486.193,-988.825,-7303.716,-2877.448,6701.161,-9301.837,-7382.640,-5762.315,3301.975,-16772.134,-18896.772,-13312.254,-4872.578
-13002.793,-18323.501,-10084.489,-15246.746,-1495.768,-7114.196,-2677.534,6702.107,-9066.549,-7149.801,-5590.616,3535.486,-16545.783,-18658.776,-13070.553,-4659.035
-13035.492,-18357.179,-10111.535,-15295.757,-1289.923,-7156.104,-2699.631,6716.241,-9107.168,-7179.062,-5608.051,3493.959,-16593.596,-18699.116,-13117.649,-4704.513
-13205.481,-18512.764,-10237.830,-15454.889,-923.272,-7289.306,-2853.359,6714.440,-9267.958,-7321.393,-5687.801,3352.287,-16747.495,-18848.780,-13268.597,-4843.453
-13319.655,-18636.004,-10387.628,-15554.519,-820.706,-7370.482,-2927.619,6698.100,-9370.257,-7453.424,-5814.734,3225.788,-16851.723,-18959.432,-13378.931,-4937.035
-13257.885,-18569.314,-10326.786,-15490.634,-1000.776,-7318.620,-2878.671,6693.059,-9304.726,-7385.038,-5764.214,3289.597,-16792.178,-18894.685,-13314.900,-4886.902
-13008.153,-18318.616,-10088.422,-15248.633,-1506.738,-7124.370,-2680.885,6699.361,-9076.718,-7144.842,-5589.235,3524.146,-16557.028,-18654.160,-13066.055,-4668.704
-13047.564,-18361.916,-10112.506,-15286.876,-1297.414,-7160.503,-2718.604,6720.787,-9095.614,-7180.152,-5609.144,3493.959,-16601.613,-18695.133,-13104.552,-4701.290
-13208.350,-18523.127,-10238.656,-15455.721,-930.764,-7290.681,-2847.744,6713.090,-9276.383,-7326.733,-5693.095,3356.280,-16741.726,-18854.597,-13261.983,-4847.034
-13319.655,-18642.739,-10387.434,-15564.177,-826.860,-7371.527,-2936.584,6695.895,-9395.050,-7456.203,-5819.452,3223.952,-16853.679,-18968.411,-13378.534,-4944.316
-13256.153,-18577.382,-10324.213,-15497.017,-1000.419,-7313.230,-2880.799,6686.892,-9311.225,-7390.487,-5768.990,3289.996,-16784.258,-18903.221,-13315.165,-4884.395
-13007.720,-18330.829,-10092.695,-15260.123,-1499.960,-7112.106,-2687.949,6698.866,-9077.501,-7157.048,-5597.809,3527.500,-16550.574,-18671.042,-13080.342,-4660.826
-13043.775,-18362.064,-10118.672,-15297.255,-1285.463,-7140.704,-2715.389,6724.298,-9119.263,-7184.403,-5610.640,3499.070,-16583.818,-18704.996,-13113.548,-4686.489
-13209.108,-18523.423,-10243.123,-15457.719,-914.799,-7270.167,-2839.095,6721.417,-9266.393,-7330.275,-5692.634,3361.950,-16732.633,-18862.501,-13277.858,-4827.339
-13317.598,-18634.745,-10390.007,-15565.287,-812.946,-7351.728,-2929.068,6705.888,-9376.516,-7458.655,-5819.797,3236.250,-16833.341,-18973.406,-13386.868,-4922.234
-13250.847,-18570.498,-10323.921,-15492.965,-984.990,-7292.221,-2861.328,6706.248,-9299.671,-7391.522,-5764.674,3300.777,-16767.636,-18906.446,-13312.254,-4857.658
-13003.768,-18327.276,-10092.112,-15249.743,-1485.601,-7094.947,-2669.157,6716.826,-9062.036,-7155.086,-5586.531,3542.993,-16532.095,-18665.794,-13078.358,-4640.414
-13036.791,-18359.548,-10116.099,-15290.761,-1275.742,-7129.870,-2702.167,6733.075,-9097.780,-7184.512,-5603.908,3511.927,-16568.467,-18699.622,-13111.696,-4680.760
-13203.911,-18523.867,-10245.211,-15462.049,-904.632,-7259.883,-2825.692,6724.253,-9265.190,-7334.797,-5688.089,3374.488,-16716.206,-18862.628,-13276.006,-4823.639
-13312.671,-18640.815,-10388.405,-15567.286,-808.041,-7348.703,-2918.925,6708.543,-9367.610,-7462.197,-5813.871,3243.677,-16828.550,-18972.204,-13392.822,-4925.338
-13248.519,-18582.341,-10323.727,-15499.570,-977.498,-7292.386,-2866.264,6709.399,-9294.135,-7396.971,-5762.718,3310.839,-16764.507,-18905.687,-13325.352,-4858.613
-13001.278,-18326.092,-10088.567,-15249.743,-1488.990,-7102.591,-2671.195,6710.479,-9069.497,-7158.519,-5587.222,3543.711,-16536.006,-18662.949,-13081.533,-4654.141
-13039.011,-18359.548,-10117.701,-15295.146,-1282.520,-7144.939,-2703.797,6723.263,-9101.210,-7184.620,-5608.741,3511.208,-16578.049,-18701.961,-13117.120,-4698.426
-13207.051,-18523.053,-10247.930,-15460.384,-918.010,-7282.432,-2835.880,6715.700,-9248.220,-7335.887,-5687.628,3364.505,-16740.064,-18860.920,-13283.679,-4845.721
-13314.891,-18635.930,-10389.521,-15569.506,-818.744,-7361.957,-2916.163,6706.653,-9371.401,-7463.232,-5817.208,3234.813,-16842.630,-18973.659,-13401.818,-4934.529
-13252.525,-18570.054,-10324.990,-15497.516,-989.538,-7303.276,-2873.826,6697.560,-9331.143,-7394.083,-5760.416,3300.697,-16773.405,-18903.664,-13321.912,-4871.146
-13011.293,-18328.683,-10094.734,-15251.131,-1494.787,-7106.221,-2678.304,6713.585,-9048.075,-7158.247,-5588.142,3537.642,-16541.286,-18661.621,-13079.416,-4651.396
-13045.940,-18367.912,-10119.158,-15291.927,-1279.844,-7140.209,-2721.003,6723.218,-9092.665,-7186.800,-5601.089,3502.424,-16582.547,-18696.460,-13111.696,-4686.012
-13208.837,-18526.310,-10244.677,-15453.279,-915.602,-7278.087,-2850.687,6719.662,-9261.579,-7332.999,-5683.946,3360.033,-16741.530,-18850.740,-13279.578,-4831.278
-13327.126,-18649.253,-10393.163,-15568.618,-818.922,-7360.143,-2937.445,6694.589,-9366.466,-7463.232,-5813.871,3227.386,-16846.052,-18966.324,-13397.849,-4931.783
-13259.347,-18575.975,-10323.727,-15500.513,-994.533,-7308.720,-2889.085,6688.693,-9307.072,-7394.519,-5764.156,3292.631,-16783.476,-18894.369,-13327.997,-4878.427
-13008.099,-18320.615,-10087.693,-15249.965,-1502.814,-7123.435,-2680.613,6695.670,-9070.219,-7146.041,-5590.616,3527.899,-16559.961,-18652.895,-13075.183,-4678.134
-13047.348,-18359.844,-10111.729,-15292.149,-1291.260,-7150.714,-2726.890,6710.029,-9104.821,-7175.521,-5607.015,3504.340,-16587.240,-18688.683,-13114.739,-4698.784
-13210.624,-18523.497,-10240.647,-15463.492,-921.131,-7279.957,-2852.453,6701.611,-9283.604,-7327.278,-5693.728,3359.235,-16736.446,-18852.764,-13283.547,-4841.782
-13325.826,-18637.262,-10389.036,-15577.942,-822.579,-7365.807,-2938.033,6687.613,-9397.878,-7459.036,-5826.357,3227.465,-16845.759,-18969.549,-13398.643,-4942.168
-13263.894,-18577.382,-10325.621,-15515.999,-999.081,-7315.320,-2897.598,6678.025,-9339.387,-7395.991,-5770.773,3286.083,-16785.725,-18907.457,-13342.550,-4887.499
-13020.713,-18337.047,-10093.714,-15266.339,-1506.203,-7129.430,-2695.148,6686.532,-9081.232,-7159.446,-5597.751,3508.174,-16567.294,-18669.082,-13088.809,-4679.447
-13058.392,-18376.276,-10123.480,-15315.239,-1294.382,-7165.948,-2735.222,6693.284,-9123.836,-7194.974,-5614.150,3479.983,-16602.591,-18708.980,-13137.229,-4721.702
-13229.247,-18550.291,-10254.631,-15480.032,-919.526,-7294.971,-2869.026,6682.391,-9276.022,-7345.641,-5689.815,3338.711,-16755.512,-18865.346,-13297.173,-4864.939
-13334.759,-18656.062,-10396.562,-15584.270,-824.006,-7377.247,-2940.796,6681.581,-9387.829,-7470.916,-5821.063,3214.289,-16856.025,-18974.797,-13409.491,-4958.640
-13267.521,-18587.892,-10329.457,-15519.718,-993.641,-7312.295,-2893.160,6675.459,-9315.918,-7402.094,-5765.307,3287.440,-16783.378,-18908.975,-13342.814,-4881.889
-13022.391,-18342.820,-10097.550,-15265.063,-1500.227,-7124.040,-2691.526,6693.104,-9082.255,-7160.753,-5592.055,3513.524,-16559.179,-18664.340,-13083.517,-4685.057
-13057.850,-18377.534,-10122.314,-15302.362,-1286.444,-7149.724,-2728.384,6708.633,-9116.194,-7191.377,-5612.654,3496.115,-16586.263,-18700.634,-13117.385,-4699.142
-13223.833,-18538.004,-10252.009,-15471.706,-918.099,-7285.677,-2853.766,6712.685,-9293.292,-7342.753,-5695.569,3345.020,-16743.975,-18861.742,-13297.041,-4841.305
-13328.858,-18650.363,-10391.804,-15570.949,-824.006,-7375.267,-2936.720,6687.928,-9378.321,-7463.832,-5818.416,3216.045,-16858.665,-18968.221,-13398.378,-4945.510
-13260.375,-18579.084,-10324.795,-15507.452,-997.565,-7316.970,-2882.429,6693.914,-9322.959,-7396.263,-5770.888,3288.878,-16788.071,-18903.727,-13324.293,-4881.889
-13013.188,-18330.903,-10089.004,-15253.740,-1500.673,-7123.765,-2679.164,6705.212,-9067.512,-7156.776,-5590.962,3524.864,-16558.983,-18658.902,-13075.447,-4664.645
-13048.322,-18366.284,-10113.088,-15293.592,-1291.439,-7161.933,-2720.188,6718.041,-9106.385,-7187.073,-5606.900,3498.670,-16599.658,-18695.069,-13114.342,-4705.229
-13213.114,-18530.825,-10245.017,-15463.991,-921.934,-7294.971,-2834.250,6714.485,-9267.296,-7334.743,-5688.146,3358.276,-16753.850,-18854.534,-13281.694,-4847.392
-13316.894,-18635.930,-10384.423,-15567.508,-821.330,-7375.927,-2936.720,6697.830,-9375.372,-7457.129,-5816.632,3227.705,-16860.034,-18966.261,-13388.721,-4949.210
-13253.608,-18573.903,-10320.280,-15502.734,-988.111,-7308.335,-2876.135,6692.024,-9312.007,-7395.773,-5761.337,3300.937,-16781.129,-18898.858,-13329.850,-4878.069
-13011.347,-18329.127,-10088.373,-15252.519,-1495.857,-7116.836,-2681.745,6696.480,-9066.489,-7156.013,-5588.257,3533.729,-16550.770,-18658.902,-13079.416,-4668.107
-13045.507,-18362.287,-10115.468,-15291.316,-1282.877,-7151.429,-2711.178,6712.865,-9102.414,-7186.092,-5607.360,3502.504,-16587.925,-18695.638,-13115.665,-4695.919
-13214.305,-18525.643,-10245.114,-15462.271,-912.034,-7281.607,-2838.959,6711.694,-9274.999,-7336.323,-5687.283,3358.356,-16741.921,-18858.391,-13295.982,-4839.634
-13320.846,-18637.114,-10386.511,-15567.008,-817.138,-7363.827,-2937.309,6700.036,-9373.146,-7463.178,-5817.553,3236.090,-16843.119,-18966.387,-13397.849,-4933.812
-13259.238,-18575.087,-10323.387,-15496.961,-992.125,-7309.325,-2885.100,6694.770,-9305.869,-7394.356,-5762.085,3300.378,-16776.338,-18897.214,-13324.161,-4872.340
-13015.245,-18328.831,-10087.742,-15252.185,-1500.227,-7118.211,-2676.266,6696.210,-9054.514,-7157.157,-5588.142,3541.076,-16543.926,-18657.385,-13082.591,-4670.972
-13050.867,-18364.211,-10113.865,-15291.760,-1289.298,-7154.454,-2718.468,6709.714,-9093.808,-7182.931,-5605.059,3508.174,-16584.991,-18690.770,-13118.840,-4706.662
-13218.690,-18529.640,-10245.939,-15462.937,-916.226,-7286.117,-2843.940,6710.749,-9266.574,-7333.544,-5686.708,3359.314,-16748.961,-18855.862,-13288.045,-4839.276
-13323.065,-18646.588,-10383.452,-15564.843,-820.795,-7368.172,-2942.833,6697.650,-9379.464,-7460.017,-5811.281,3229.702,-16839.697,-18960.823,-13398.246,-4940.139
-13250.577,-18566.427,-10315.764,-15504.676,-991.054,-7306.520,-2861.238,6696.165,-9314.414,-7386.891,-5765.480,3303.892,-16771.743,-18898.352,-13332.760,-4865.655
-13017.248,-18330.015,-10089.199,-15261.788,-1495.055,-7116.011,-2675.678,6704.582,-9063.781,-7157.266,-5589.351,3530.535,-16546.468,-18661.747,-13095.159,-4657.006
-13053.844,-18369.392,-10115.565,-15306.580,-1285.463,-7151.704,-2707.827,6718.761,-9127.507,-7189.089,-5610.180,3502.823,-16584.405,-18701.013,-13129.688,-4701.052
-13223.129,-18538.893,-10247.250,-15476.813,-912.480,-7281.002,-2849.600,6716.106,-9266.213,-7337.358,-5693.037,3357.478,-16738.499,-18862.311,-13296.379,-4831.278
-13331.024,-18642.295,-10389.667,-15573.669,-828.198,-7377.357,-2930.653,6691.619,-9379.464,-7460.290,-5818.704,3220.677,-16857.394,-18969.802,-13399.833,-4952.672
-13263.623,-18577.086,-10324.941,-15506.175,-1006.306,-7332.039,-2882.293,6681.896,-9318.686,-7396.045,-5767.551,3275.701,-16804.595,-18901.703,-13335.406,-4900.271
-13018.764,-18332.013,-10089.150,-15253.296,-1514.854,-7142.739,-2691.118,6688.333,-9085.564,-7156.340,-5594.472,3513.764,-16580.103,-18655.235,-13086.428,-4690.070
-13053.303,-18367.320,-10115.808,-15308.301,-1308.385,-7183.932,-2724.490,6700.981,-9130.696,-7188.271,-5615.186,3476.310,-16623.906,-18697.156,-13128.101,-4729.699
-13220.044,-18531.195,-10245.405,-15470.707,-938.344,-7321.425,-2856.347,6691.574,-9280.836,-7336.105,-5695.339,3328.808,-16782.107,-18854.724,-13289.368,-4880.456
-13329.075,-18642.221,-10387.482,-15580.995,-843.270,-7398.860,-2954.153,6683.156,-9397.577,-7463.886,-5823.307,3205.983,-16880.469,-18968.474,-13409.623,-4964.370
-13268.009,-18577.900,-10326.446,-15506.397,-1014.600,-7340.234,-2875.591,6680.320,-9319.108,-7396.971,-5764.444,3276.579,-16809.680,-18897.404,-13339.639,-4905.165
-13022.012,-18335.788,-10093.569,-15260.900,-1511.376,-7133.115,-2686.318,6693.284,-9076.478,-7157.593,-5590.732,3523.667,-16560.743,-18655.424,-13090.397,-4679.924
-13060.178,-18374.203,-10121.100,-15303.139,-1296.523,-7160.503,-2726.392,6711.019,-9108.973,-7193.503,-5610.813,3500.108,-16593.400,-18696.966,-13135.774,-4706.423
-13225.565,-18536.154,-10252.009,-15470.263,-918.723,-7288.041,-2851.502,6713.270,-9275.239,-7340.137,-5692.232,3351.728,-16743.681,-18854.028,-13287.780,-4845.125
-13333.947,-18649.105,-10396.271,-15572.336,-823.649,-7368.227,-2930.381,6686.622,-9368.452,-7467.374,-5820.545,3228.983,-16842.435,-18970.497,-13403.934,-4945.988
-13275.425,-18597.366,-10334.167,-15509.006,-1001.489,-7316.475,-2875.637,6691.574,-9308.757,-7404.927,-5769.162,3285.604,-16784.160,-18904.865,-13333.554,-4890.722
-13025.910,-18345.337,-10097.793,-15253.185,-1505.133,-7119.806,-2686.273,6693.284,-9065.044,-7161.298,-5592.228,3529.496,-16548.814,-18661.052,-13081.136,-4673.359
-13066.891,-18380.569,-10129.598,-15299.253,-1293.401,-7159.788,-2724.535,6710.119,-9103.015,-7194.756,-5611.733,3502.663,-16594.867,-18701.519,-13124.661,-4710.362
-13227.406,-18538.745,-10252.495,-15463.159,-923.093,-7289.141,-2857.208,6706.788,-9277.947,-7340.301,-5694.418,3353.565,-16737.326,-18857.949,-13283.017,-4850.615
-13331.511,-18648.809,-10393.260,-15568.451,-829.268,-7372.187,-2946.682,6680.320,-9382.955,-7466.992,-5816.690,3228.264,-16846.443,-18967.715,-13398.113,-4953.030
-13272.556,-18587.522,-10334.167,-15504.676,-1003.273,-7313.725,-2882.338,6690.493,-9315.437,-7407.052,-5766.343,3294.708,-16775.752,-18902.968,-13338.316,-4890.364
-13022.120,-18340.895,-10096.288,-15251.353,-1504.241,-7124.700,-2695.556,6687.523,-9056.981,-7163.206,-5588.027,3538.441,-16545.979,-18655.298,-13090.794,-4680.879
-13062.669,-18376.350,-10124.645,-15299.920,-1285.196,-7148.129,-2710.000,6709.624,-9109.575,-7195.410,-5607.015,3512.167,-16576.583,-18697.788,-13128.630,-4702.842
-13217.553,-18542.149,-10247.882,-15469.209,-907.396,-7282.157,-2854.264,6708.498,-9256.464,-7344.660,-5684.924,3369.856,-16732.633,-18862.564,-13292.013,-4848.586
-13330.374,-18645.478,-10396.174,-15577.831,-810.628,-7358.603,-2916.389,6710.884,-9371.702,-7473.150,-5815.136,3236.410,-16834.515,-18977.579,-13409.491,-4934.051
-13258.102,-18578.418,-10326.738,-15506.397,-983.741,-7303.661,-2865.630,6704.267,-9290.644,-7403.783,-5755.468,3308.044,-16768.321,-18906.572,-13335.803,-4874.130
-13019.901,-18340.525,-10100.075,-15260.678,-1482.747,-7101.437,-2663.452,6724.838,-9056.800,-7168.709,-5580.144,3556.729,-16531.410,-18668.007,-13096.350,-4639.818
-13056.280,-18381.457,-10127.073,-15294.647,-1274.136,-7136.580,-2707.193,6740.277,-9101.150,-7202.711,-5597.176,3516.240,-16572.672,-18700.191,-13134.583,-4675.508
-13217.553,-18535.414,-10254.583,-15465.656,-904.632,-7272.697,-2827.503,6740.007,-9249.544,-7348.420,-5685.787,3376.724,-16730.482,-18860.288,-13298.496,-4824.594
-13324.906,-18644.294,-10391.901,-15569.395,-813.928,-7362.232,-2924.132,6722.947,-9357.199,-7471.678,-5811.166,3244.875,-16842.141,-18969.296,-13416.635,-4926.770
-13256.315,-18580.194,-10326.495,-15499.348,-989.538,-7309.160,-2866.671,6712.775,-9299.009,-7401.113,-5757.942,3308.124,-16779.565,-18898.542,-13335.406,-4866.491
-13016.761,-18340.969,-10092.889,-15249.133,-1497.909,-7120.356,-2670.832,6719.121,-9053.250,-7162.715,-5582.791,3540.437,-16553.899,-18654.792,-13084.708,-4655.812
-13051.246,-18378.126,-10119.886,-15291.094,-1281.539,-7151.264,-2703.118,6729.789,-9094.230,-7196.445,-5601.894,3510.330,-16587.827,-18691.402,-13125.587,-4691.144
-13219.502,-18540.669,-10250.164,-15465.323,-906.237,-7281.552,-2832.756,6730.510,-9266.815,-7345.859,-5683.198,3365.863,-16740.357,-18856.810,-13296.776,-4839.514
-13328.858,-18652.658,-10395.057,-15572.392,-807.149,-7347.988,-2934.819,6713.000,-9367.730,-7472.550,-5814.101,3243.997,-16828.453,-18971.193,-13408.697,-4914.117
-13267.900,-18586.042,-10328.777,-15502.567,-978.925,-7291.121,-2870.339,6712.054,-9300.393,-7403.728,-5759.783,3314.673,-16762.063,-18912.705,-13332.363,-4852.645
-13020.659,-18344.892,-10095.851,-15254.628,-1488.365,-7102.976,-2666.712,6725.108,-9060.952,-7166.856,-5584.920,3551.059,-16527.597,-18663.518,-13088.677,-4639.937
-13060.449,-18376.942,-10127.655,-15311.187,-1270.301,-7128.825,-2701.895,6741.763,-9110.176,-7201.458,-5606.670,3516.080,-16565.730,-18713.785,-13146.093,-4671.210
-13225.295,-18546.220,-10255.554,-15489.523,-897.407,-7260.543,-2831.398,6732.940,-9269.703,-7351.254,-5697.065,3368.099,-16718.064,-18878.751,-13320.060,-4808.241
-13331.998,-18658.653,-10395.105,-15593.928,-806.971,-7342.269,-2919.378,6721.147,-9382.353,-7475.438,-5823.307,3237.288,-16819.066,-18988.644,-13426.160,-4906.478
-13256.640,-18592.925,-10320.231,-15531.985,-987.665,-7292.001,-2859.789,6716.871,-9323.440,-7404.818,-5774.916,3303.732,-16760.108,-18915.424,-13356.441,-4848.467
-13017.681,-18338.897,-10088.325,-15274.165,-1497.195,-7107.486,-2670.063,6722.317,-9079.366,-7162.334,-5596.601,3537.961,-16538.939,-18671.169,-13100.980,-4643.160
-13056.226,-18373.833,-10120.032,-15312.852,-1285.642,-7146.204,-2713.034,6724.748,-9121.429,-7193.829,-5613.345,3497.073,-16581.569,-18707.336,-13135.377,-4682.431
-13231.520,-18541.483,-10258.419,-15477.645,-910.875,-7276.712,-2854.083,6720.922,-9282.400,-7341.936,-5695.857,3351.887,-16738.010,-18862.311,-13297.437,-4820.894
-13338.548,-18651.473,-10396.659,-15579.497,-819.457,-7360.033,-2931.377,6699.181,-9379.946,-7466.175,-5819.049,3222.434,-16843.021,-18968.916,-13406.845,-4926.412
-13266.763,-18585.154,-10328.631,-15507.452,-991.322,-7302.341,-2875.275,6702.017,-9310.683,-7399.914,-5765.422,3293.270,-16773.992,-18901.008,-13337.920,-4860.523
-13022.662,-18334.678,-10092.355,-15266.894,-1498.800,-7114.416,-2678.349,6705.393,-9085.143,-7159.718,-5588.660,3530.934,-16546.272,-18658.333,-13097.805,-4655.216
-13061.640,-18380.791,-10126.539,-15311.353,-1281.539,-7147.689,-2717.381,6730.014,-9113.727,-7195.846,-5611.733,3503.542,-16585.089,-18702.910,-13143.579,-4682.669
-13219.231,-18537.486,-10245.163,-15475.092,-910.072,-7275.392,-2853.132,6729.609,-9274.638,-7339.756,-5690.736,3365.384,-16734.784,-18860.604,-13301.274,-4819.342
-13322.308,-18650.437,-10384.714,-15579.830,-815.979,-7359.428,-2917.476,6710.659,-9369.355,-7466.120,-5817.611,3234.972,-16838.328,-18972.268,-13413.724,-4916.743
-13246.949,-18574.717,-10314.550,-15513.446,-998.011,-7311.470,-2852.996,6712.099,-9307.915,-7395.119,-5765.422,3299.100,-16782.400,-18906.003,-13347.048,-4872.936
-13005.825,-18325.722,-10081.381,-15267.616,-1502.011,-7119.476,-2671.014,6707.733,-9074.311,-7153.724,-5591.364,3536.524,-16551.357,-18664.593,-13092.646,-4654.141
-13044.641,-18366.876,-10114.254,-15306.247,-1291.439,-7158.908,-2705.970,6724.523,-9101.631,-7186.964,-5607.360,3498.590,-16595.258,-18699.812,-13134.186,-4692.457
-13214.684,-18534.081,-10245.454,-15464.713,-910.875,-7284.962,-2844.031,6723.713,-9266.694,-7337.522,-5686.247,3365.224,-16743.095,-18855.230,-13289.897,-4834.859
-13329.887,-18644.738,-10389.182,-15570.671,-819.903,-7362.617,-2919.604,6709.894,-9379.825,-7459.363,-5818.071,3236.250,-16843.315,-18962.910,-13395.335,-4926.412
-13266.060,-18577.752,-10326.301,-15500.624,-993.373,-7302.946,-2865.720,6711.469,-9307.915,-7393.647,-5762.430,3310.201,-16766.463,-18892.788,-13324.293,-4859.926
-13012.430,-18327.720,-10087.693,-15250.631,-1492.557,-7106.661,-2669.157,6721.867,-9055.837,-7150.782,-5585.783,3552.336,-16533.073,-18649.544,-13074.786,-4640.892
-13051.192,-18368.578,-10115.516,-15294.813,-1276.990,-7140.374,-2705.155,6734.741,-9088.393,-7183.476,-5607.936,3521.670,-16573.356,-18690.643,-13116.591,-4677.298
-13222.696,-18539.263,-10250.018,-15464.324,-897.318,-7263.183,-2847.517,6727.719,-9268.801,-7338.503,-5687.111,3379.120,-16720.020,-18853.080,-13295.321,-4817.432
-13324.744,-18647.476,-10384.763,-15570.782,-808.487,-7344.248,-2922.955,6712.685,-9359.125,-7462.306,-5812.317,3245.115,-16826.595,-18964.554,-13400.759,-4912.088
-13256.748,-18574.939,-10321.105,-15504.898,-978.568,-7282.267,-2861.011,6712.820,-9294.074,-7395.991,-5761.164,3319.065,-16753.459,-18899.870,-13340.433,-4845.244
-13011.022,-18328.979,-10087.790,-15269.225,-1484.441,-7089.117,-2659.829,6726.773,-9062.397,-7159.282,-5587.624,3555.930,-16519.286,-18666.047,-13096.747,-4633.014
-13046.428,-18371.465,-10115.371,-15317.015,-1271.193,-7123.655,-2707.148,6737.847,-9102.715,-7194.756,-5608.224,3521.430,-16560.841,-18709.486,-13141.595,-4665.720
-13218.474,-18546.294,-10247.299,-15483.196,-894.642,-7256.638,-2838.778,6732.310,-9268.139,-7347.221,-5688.894,3371.373,-16711.611,-18870.721,-13306.433,-4807.883
-13325.339,-18652.584,-10388.113,-15589.432,-805.811,-7340.234,-2936.041,6709.219,-9391.861,-7473.422,-5817.380,3246.153,-16822.684,-18984.218,-13418.487,-4906.955
-13264.057,-18592.481,-10329.894,-15522.049,-978.211,-7283.532,-2866.173,6709.849,-9304.184,-7411.085,-5764.099,3313.794,-16752.383,-18913.338,-13350.355,-4849.422
-13025.693,-18349.185,-10095.171,-15277.662,-1482.479,-7092.087,-2683.466,6716.151,-9066.067,-7173.123,-5586.646,3552.017,-16521.731,-18679.894,-13110.373,-4633.014
-13055.739,-18384.122,-10121.052,-15319.901,-1273.155,-7138.999,-2714.800,6727.494,-9105.723,-7200.423,-5610.928,3512.007,-16569.738,-18708.221,-13145.299,-4683.982
-13221.884,-18535.636,-10246.668,-15491.355,-901.688,-7273.247,-2841.857,6730.735,-9280.414,-7345.587,-5694.993,3369.057,-16727.842,-18868.129,-13315.297,-4824.594
-13328.100,-18650.363,-10389.182,-15590.098,-814.284,-7355.468,-2924.585,6707.733,-9386.926,-7471.678,-5818.761,3239.524,-16833.341,-18975.998,-13426.557,-4918.414
-13263.623,-18581.231,-10323.290,-15518.164,-992.571,-7307.180,-2866.218,6711.964,-9322.237,-7400.295,-5769.795,3300.537,-16774.676,-18905.434,-13345.989,-4861.597
-13018.547,-18339.415,-10090.607,-15270.835,-1498.890,-7119.586,-2676.810,6712.234,-9059.388,-7161.189,-5595.507,3538.041,-16546.077,-18666.490,-13099.260,-4657.245
-13053.682,-18383.604,-10120.081,-15317.792,-1286.712,-7154.344,-2710.770,6727.314,-9108.251,-7198.407,-5611.273,3503.702,-16588.218,-18708.600,-13142.256,-4688.399
-13221.451,-18543.408,-10248.464,-15491.744,-913.194,-7286.227,-2845.299,6717.501,-9281.197,-7347.548,-5697.928,3360.592,-16741.335,-18873.440,-13315.562,-4835.575
-13328.479,-18657.543,-10391.124,-15596.703,-822.044,-7366.302,-2922.366,6700.666,-9382.714,-7476.147,-5822.329,3234.813,-16843.315,-18986.052,-13429.203,-4931.186
-13260.592,-18593.370,-10324.795,-15525.491,-994.890,-7305.311,-2876.905,6694.680,-9317.784,-7410.758,-5767.263,3307.326,-16769.983,-18916.815,-13355.779,-4860.164
-13034.680,-18354.515,-10098.619,-15286.210,-1494.609,-7110.126,-2686.726,6705.212,-9070.821,-7174.649,-5590.962,3544.590,-16535.517,-18688.177,-13120.560,-4648.889
-13058.662,-18390.709,-10121.295,-15327.949,-1282.431,-7149.559,-2712.717,6716.691,-9114.870,-7208.433,-5610.065,3512.806,-16577.952,-18716.567,-13158.925,-4699.380
-13232.008,-18555.695,-10259.487,-15503.622,-904.364,-7279.187,-2853.495,6707.553,-9289.321,-7355.994,-5694.993,3366.582,-16731.557,-18875.590,-13334.612,-4836.411
-13334.001,-18671.606,-10391.707,-15601.032,-815.176,-7359.538,-2941.475,6700.711,-9372.965,-7485.519,-5816.748,3239.125,-16838.035,-18984.408,-13436.479,-4931.306
-13266.655,-18595.590,-10325.912,-15528.044,-990.698,-7301.956,-2884.285,6698.776,-9320.371,-7413.755,-5766.055,3307.565,-16769.983,-18918.270,-13364.378,-4867.326
-13012.646,-18338.527,-10089.684,-15277.329,-1490.417,-7101.327,-2676.402,6715.070,-9066.669,-7165.167,-5590.789,3546.107,-16532.486,-18689.063,-13111.828,-4643.160
-13054.819,-18378.274,-10119.012,-15321.733,-1275.207,-7132.180,-2714.392,6736.226,-9108.191,-7203.474,-5609.432,3517.517,-16566.219,-18715.429,-13153.633,-4670.733
-13215.550,-18539.041,-10246.862,-15490.634,-898.567,-7258.673,-2840.182,6736.091,-9264.468,-7349.946,-5693.843,3372.332,-16716.011,-18880.648,-13322.573,-4805.376
-13324.040,-18651.547,-10389.182,-15590.986,-814.374,-7348.208,-2925.536,6715.520,-9381.149,-7474.784,-5819.567,3249.986,-16823.271,-18989.150,-13425.498,-4918.772
-13256.911,-18582.785,-10321.639,-15524.991,-987.219,-7292.496,-2860.106,6711.784,-9296.602,-7405.200,-5766.515,3313.714,-16759.619,-18913.021,-13356.970,-4851.928
-13011.022,-18336.973,-10088.082,-15274.387,-1488.722,-7101.107,-2663.769,6721.147,-9084.481,-7165.167,-5588.603,3546.586,-16531.117,-18668.892,-13111.564,-4641.489
-13052.707,-18385.676,-10121.343,-15318.958,-1273.691,-7132.400,-2709.502,6735.281,-9106.024,-7202.711,-5608.799,3510.330,-16568.174,-18708.790,-13156.147,-4665.600
-13216.146,-18541.113,-10247.542,-15486.138,-896.694,-7266.208,-2834.567,6738.792,-9273.735,-7349.401,-5693.497,3368.818,-16721.095,-18869.267,-13315.562,-4811.225
-13329.345,-18659.097,-10390.395,-15592.207,-811.074,-7344.523,-2923.861,6720.112,-9387.889,-7480.233,-5820.545,3240.642,-16826.595,-18981.436,-13434.230,-4906.955
-13260.917,-18593.814,-10325.038,-15526.767,-985.614,-7291.946,-2870.656,6709.849,-9314.715,-7410.485,-5766.573,3306.128,-16759.423,-18913.970,-13364.114,-4854.793
-13020.604,-18348.075,-10094.588,-15278.661,-1490.417,-7110.071,-2687.632,6713.135,-9077.320,-7171.815,-5592.112,3541.555,-16542.948,-18674.267,-13115.533,-4651.277
-13052.328,-18382.123,-10120.178,-15321.289,-1282.253,-7150.329,-2708.732,6719.977,-9114.329,-7203.093,-5610.698,3500.268,-16584.307,-18717.200,-13155.750,-4688.996
-13227.893,-18549.847,-10252.543,-15494.963,-907.664,-7280.342,-2854.264,6719.797,-9285.168,-7355.122,-5695.281,3353.724,-16735.664,-18872.175,-13322.573,-4833.188
-13328.858,-18660.726,-10387.822,-15600.033,-821.509,-7368.337,-2932.464,6693.959,-9400.887,-7478.217,-5822.732,3227.226,-16847.421,-18984.661,-13440.448,-4934.887
-13264.381,-18592.037,-10325.524,-15534.038,-999.973,-7322.910,-2879.621,6685.317,-9323.922,-7409.341,-5768.184,3282.409,-16796.187,-18911.188,-13369.935,-4885.589
-13022.932,-18348.815,-10090.898,-15277.884,-1506.738,-7136.305,-2693.744,6692.609,-9080.028,-7168.818,-5594.126,3517.437,-16566.707,-18666.237,-13116.459,-4676.224
-13066.296,-18394.262,-10124.111,-15327.283,-1293.401,-7174.748,-2732.595,6698.776,-9140.144,-7209.632,-5617.027,3487.170,-16613.835,-18710.181,-13164.746,-4713.943
-13230.979,-18554.362,-10255.748,-15499.681,-915.780,-7303.111,-2869.116,6694.049,-9304.485,-7359.318,-5697.583,3337.593,-16765.681,-18876.412,-13336.200,-4856.822
-13340.606,-18662.280,-10399.524,-15607.360,-827.662,-7376.642,-2938.124,6686.667,-9394.087,-7485.519,-5826.529,3219.959,-16851.332,-18989.466,-13451.957,-4954.582
-13268.279,-18596.404,-10330.137,-15536.702,-998.100,-7317.740,-2881.750,6682.526,-9309.841,-7417.296,-5769.910,3292.392,-16781.227,-18922.822,-13378.137,-4886.186
-13024.448,-18354.367,-10094.054,-15285.377,-1496.482,-7119.916,-2701.850,6689.548,-9081.172,-7175.357,-5591.364,3539.639,-16542.166,-18674.583,-13129.027,-4669.778
-13064.834,-18387.601,-10127.704,-15321.011,-1279.755,-7145.874,-2730.467,6718.986,-9104.821,-7205.327,-5607.245,3508.892,-16575.116,-18708.917,-13159.719,-4686.847
-13230.871,-18547.849,-10253.757,-15496.018,-901.599,-7279.902,-2855.849,6711.694,-9281.498,-7354.578,-5691.368,3366.741,-16728.722,-18874.199,-13329.982,-4838.082
-13335.354,-18660.874,-10393.309,-15599.534,-813.660,-7355.688,-2938.215,6698.236,-9372.063,-7483.121,-5816.978,3233.615,-16826.497,-18983.080,-13452.354,-4927.725
-13263.678,-18601.585,-10322.950,-15539.200,-986.863,-7297.721,-2881.478,6694.229,-9328.977,-7414.953,-5767.954,3307.326,-16758.054,-18919.155,-13379.063,-4862.671
-13018.439,-18346.373,-10093.180,-15284.101,-1493.003,-7114.251,-2682.424,6699.001,-9084.782,-7172.905,-5590.214,3538.281,-16545.099,-18674.330,-13133.657,-4654.261
-13056.335,-18384.344,-10122.314,-15328.449,-1280.290,-7143.894,-2721.275,6721.282,-9113.606,-7205.109,-5612.827,3502.504,-16576.974,-18711.825,-13163.556,-4680.521
-13217.986,-18549.921,-10248.999,-15499.015,-905.167,-7281.057,-2852.046,6718.671,-9291.186,-7357.575,-5698.503,3352.207,-16734.979,-18877.613,-13338.449,-4828.533
-13329.291,-18658.061,-10391.804,-15612.411,-815.176,-7357.008,-2919.650,6710.704,-9381.871,-7481.051,-5824.688,3226.827,-16835.101,-18993.070,-13459.895,-4923.189
-13257.939,-18588.780,-10320.668,-15539.422,-985.168,-7295.851,-2866.490,6714.845,-9327.532,-7412.283,-5771.349,3304.451,-16762.259,-18921.305,-13378.137,-4856.106
-13010.318,-18338.971,-10087.402,-15281.825,-1487.206,-7102.756,-2674.319,6713.720,-9067.030,-7169.036,-5590.271,3544.111,-16532.877,-18675.595,-13122.147,-4639.101
-13045.020,-18374.647,-10113.962,-15320.734,-1272.977,-7135.755,-2706.695,6729.474,-9118.541,-7198.952,-5608.281,3517.517,-16567.881,-18712.268,-13156.676,-4673.956
-13213.222,-18537.412,-10244.191,-15489.468,-897.140,-7272.257,-2838.688,6727.314,-9271.809,-7350.273,-5688.779,3367.540,-16728.330,-18870.342,-13325.352,-4821.610
-13319.926,-18649.475,-10384.763,-15592.984,-807.238,-7349.638,-2916.344,6715.835,-9369.475,-7475.656,-5818.474,3248.469,-16836.470,-18983.839,-13432.510,-4917.101
-13245.055,-18580.490,-10314.016,-15526.767,-991.054,-7303.771,-2876.407,6704.672,-9310.202,-7406.834,-5765.652,3302.933,-16769.396,-18912.705,-13364.114,-4866.133
-13012.917,-18345.559,-10087.596,-15281.992,-1491.933,-7113.701,-2667.844,6718.716,-9078.103,-7173.504,-5591.077,3538.041,-16546.272,-18675.405,-13121.486,-4651.993
-13048.160,-18386.860,-10118.430,-15331.946,-1282.253,-7156.159,-2708.370,6727.044,-9112.824,-7209.359,-5613.920,3499.149,-16592.325,-18715.872,-13165.143,-4690.309
-13220.856,-18546.590,-10250.261,-15502.567,-907.040,-7290.736,-2842.582,6717.906,-9288.298,-7358.773,-5698.964,3352.367,-16751.894,-18878.182,-13331.569,-4838.321
-13339.685,-18668.201,-10394.620,-15598.146,-821.776,-7373.012,-2957.866,6697.020,-9385.001,-7488.516,-5821.466,3224.431,-16853.483,-18984.597,-13441.506,-4940.258
-13263.245,-18598.403,-10327.855,-15535.870,-998.100,-7317.630,-2863.139,6694.725,-9322.598,-7419.367,-5768.069,3288.798,-16785.138,-18916.499,-13373.110,-4886.067
-13020.496,-18347.261,-10094.394,-15285.544,-1498.890,-7123.930,-2683.104,6695.220,-9082.616,-7174.540,-5590.789,3533.090,-16546.468,-18674.457,-13119.237,-4670.375
-13063.372,-18390.265,-10127.655,-15333.888,-1282.609,-7152.364,-2714.347,6711.244,-9125.341,-7213.337,-5614.265,3508.493,-16577.267,-18714.797,-13175.065,-4695.561
-13233.145,-18555.621,-10260.069,-15506.286,-902.580,-7279.242,-2849.419,6712.459,-9296.542,-7364.277,-5699.482,3363.946,-16724.615,-18879.763,-13332.495,-4832.233
-13336.870,-18668.571,-10398.165,-15607.970,-814.195,-7354.148,-2937.581,6703.457,-9385.422,-7486.609,-5820.833,3242.639,-16822.684,-18985.103,-13444.284,-4924.024
-13272.664,-18602.400,-10333.924,-15537.480,-986.149,-7296.126,-2879.214,6700.891,-9323.801,-7421.056,-5766.573,3313.714,-16757.956,-18914.223,-13385.281,-4860.403
-13033.435,-18355.625,-10104.542,-15282.602,-1489.347,-7100.722,-2680.070,6704.492,-9069.497,-7178.191,-5589.983,3542.114,-16528.477,-18672.307,-13118.972,-4645.905
-13074.037,-18399.443,-10135.959,-15336.775,-1274.047,-7138.395,-2729.335,6722.677,-9119.684,-7217.860,-5612.539,3509.771,-16569.445,-18716.125,-13168.715,-4686.370
-13237.476,-18567.833,-10265.896,-15510.449,-897.407,-7273.082,-2865.539,6715.385,-9295.338,-7367.492,-5697.813,3356.599,-16729.797,-18881.723,-13338.316,-4831.875
-13343.800,-18672.420,-10402.340,-15607.415,-811.965,-7352.333,-2940.841,6696.750,-9394.990,-7488.516,-5818.589,3228.584,-16829.430,-18986.115,-13446.004,-4923.786
-13279.269,-18604.250,-10336.012,-15537.313,-988.914,-7302.011,-2891.666,6689.008,-9349.978,-7420.457,-5766.113,3296.305,-16765.974,-18912.895,-13375.227,-4872.220
-13030.944,-18356.365,-10097.453,-15284.767,-1487.741,-7101.602,-2685.186,6710.209,-9064.082,-7179.226,-5587.739,3537.003,-16529.455,-18671.232,-13123.470,-4645.547
-13060.882,-18390.191,-10122.411,-15331.779,-1271.372,-7132.950,-2709.638,6730.239,-9111.801,-7206.253,-5609.777,3510.969,-16568.370,-18711.446,-13167.789,-4676.463
-13225.565,-18554.436,-10252.592,-15498.737,-899.369,-7270.992,-2844.982,6720.877,-9278.429,-7356.267,-5692.116,3362.509,-16729.406,-18870.025,-13325.748,-4826.384
-13334.218,-18659.985,-10392.581,-15602.087,-814.284,-7356.348,-2928.162,6705.663,-9375.493,-7478.708,-5815.309,3244.316,-16833.439,-18975.366,-13441.241,-4920.085
-13269.200,-18594.110,-10330.525,-15529.709,-984.098,-7291.286,-2872.784,6706.653,-9317.964,-7412.338,-5768.011,3310.760,-16761.965,-18909.481,-13370.332,-4855.151
-13027.426,-18352.886,-10098.327,-15278.939,-1485.422,-7096.652,-2686.817,6715.295,-9066.308,-7173.668,-5587.107,3553.854,-16525.739,-18668.766,-13120.957,-4642.802
-13065.051,-18398.259,-10129.743,-15325.896,-1274.850,-7138.010,-2724.626,6727.944,-9106.205,-7211.975,-5608.166,3510.729,-16573.943,-18711.193,-13165.672,-4676.224
-13226.702,-18553.622,-10255.845,-15495.240,-900.440,-7281.497,-2853.947,6720.472,-9289.561,-7359.809,-5691.944,3362.349,-16739.477,-18871.543,-13331.173,-4838.201
-13328.425,-18655.100,-10393.260,-15600.533,-816.425,-7364.157,-2921.687,6705.438,-9392.282,-7480.887,-5817.093,3242.479,-16839.795,-18981.562,-13444.681,-4933.096
-13264.760,-18597.589,-10328.389,-15535.259,-993.641,-7312.955,-2862.188,6690.133,-9313.511,-7418.168,-5765.019,3301.895,-16789.929,-18912.263,-13380.651,-4871.385
-13020.442,-18347.705,-10094.297,-15280.493,-1495.500,-7114.416,-2686.998,6708.633,-9070.761,-7173.886,-5588.257,3539.559,-16539.037,-18669.019,-13120.692,-4656.171
-13058.825,-18388.563,-10124.499,-15329.504,-1279.131,-7147.304,-2720.415,6723.127,-9113.667,-7210.613,-5610.583,3509.372,-16580.885,-18709.675,-13166.598,-4687.563
-13224.050,-18549.181,-10251.523,-15501.790,-897.942,-7274.457,-2842.129,6725.828,-9288.839,-7354.305,-5695.281,3366.422,-16728.624,-18872.871,-13329.850,-4823.520
-13334.542,-18658.431,-10395.591,-15601.865,-814.017,-7355.303,-2923.227,6713.495,-9386.926,-7480.451,-5819.797,3237.288,-16831.386,-18980.993,-13440.448,-4919.250
-13264.327,-18590.409,-10326.252,-15532.984,-988.557,-7296.401,-2870.203,6710.434,-9308.517,-7411.302,-5769.507,3305.728,-16763.823,-18913.085,-13370.332,-4852.764
-13022.012,-18346.521,-10096.094,-15283.934,-1486.760,-7101.876,-2673.097,6720.877,-9072.145,-7173.286,-5590.559,3541.635,-16533.073,-18668.323,-13119.766,-4643.876
-13067.433,-18399.147,-10127.753,-15328.671,-1270.836,-7136.525,-2734.452,6723.893,-9127.086,-7212.792,-5612.999,3504.899,-16570.227,-18708.917,-13168.186,-4676.104
-13222.913,-18554.436,-10253.029,-15501.290,-888.399,-7263.073,-2841.676,6725.783,-9279.391,-7359.863,-5695.914,3361.471,-16718.553,-18874.009,-13337.390,-4814.806
-13333.027,-18661.096,-10392.872,-15609.691,-807.684,-7341.774,-2929.385,6716.826,-9377.779,-7486.282,-5823.825,3243.597,-16817.991,-18987.253,-13450.105,-4907.910
-13255.990,-18590.705,-10322.853,-15538.146,-982.671,-7287.766,-2865.358,6697.110,-9310.864,-7413.537,-5772.097,3312.996,-16747.299,-18925.162,-13374.036,-4847.034
-13020.117,-18352.294,-10090.801,-15286.487,-1487.295,-7099.512,-2696.597,6702.872,-9068.234,-7176.011,-5592.860,3539.878,-16524.175,-18674.330,-13126.116,-4644.234
-13058.825,-18387.527,-10121.343,-15329.781,-1270.836,-7134.490,-2718.513,6722.272,-9119.805,-7207.071,-5615.128,3509.771,-16563.383,-18711.446,-13166.598,-4680.282
-13223.021,-18549.847,-10250.067,-15497.461,-887.686,-7260.213,-2853.042,6722.722,-9278.790,-7358.882,-5698.216,3366.981,-16717.673,-18873.819,-13333.025,-4813.493
-13330.915,-18658.579,-10389.521,-15605.140,-803.760,-7339.134,-2933.460,6711.739,-9389.634,-7480.397,-5821.926,3241.601,-16812.026,-18980.867,-13450.502,-4906.359
-13262.974,-18591.815,-10325.767,-15532.762,-981.155,-7290.131,-2879.984,6701.792,-9328.856,-7413.046,-5767.724,3309.402,-16757.077,-18908.722,-13375.491,-4853.480
-13018.222,-18349.259,-10089.441,-15286.709,-1480.963,-7097.147,-2677.172,6711.559,-9072.687,-7173.559,-5591.077,3547.545,-16525.837,-18669.082,-13129.556,-4640.534
-13061.586,-18389.969,-10124.451,-15331.391,-1267.091,-7131.190,-2708.234,6732.265,-9107.288,-7210.885,-5612.309,3517.038,-16563.676,-18708.980,-13170.964,-4673.359
-13228.218,-18558.729,-10255.894,-15505.231,-893.751,-7272.092,-2849.148,6729.339,-9283.483,-7366.075,-5693.210,3363.627,-16732.828,-18872.365,-13348.900,-4818.745
-13330.645,-18662.428,-10390.784,-15601.809,-813.303,-7356.293,-2931.468,6701.792,-9379.344,-7485.955,-5818.416,3235.931,-16831.093,-18977.895,-13449.047,-4923.905
-13259.184,-18591.963,-10324.164,-15532.762,-991.054,-7302.946,-2878.444,6699.136,-9323.380,-7413.046,-5768.472,3301.735,-16768.125,-18910.366,-13374.830,-4859.568
-13016.598,-18349.037,-10087.305,-15280.382,-1487.920,-7105.836,-2686.771,6711.424,-9081.954,-7171.161,-5588.890,3543.791,-16531.802,-18662.506,-13124.264,-4646.263
-13053.682,-18381.161,-10117.410,-15322.843,-1271.372,-7141.584,-2716.883,6731.185,-9119.022,-7203.202,-5608.799,3512.646,-16572.378,-18699.116,-13168.583,-4684.221
-13219.610,-18551.624,-10249.630,-15489.746,-891.253,-7269.837,-2854.038,6727.404,-9300.333,-7352.343,-5694.763,3365.464,-16722.268,-18859.593,-13325.087,-4820.416
-13332.377,-18658.875,-10392.241,-15594.760,-810.538,-7346.393,-2936.403,6710.434,-9384.820,-7478.163,-5816.863,3243.437,-16820.044,-18967.146,-13435.156,-4911.969
-13265.897,-18590.483,-10325.767,-15525.713,-987.933,-7301.131,-2872.648,6704.492,-9315.678,-7410.540,-5767.263,3295.586,-16769.396,-18899.301,-13375.756,-4859.568
-13009.290,-18339.341,-10081.284,-15271.557,-1489.257,-7107.431,-2679.798,6712.189,-9087.791,-7163.587,-5590.732,3532.850,-16541.384,-18658.396,-13113.548,-4646.025
-13047.185,-18376.868,-10109.350,-15318.847,-1271.996,-7137.240,-2710.770,6724.613,-9121.851,-7197.862,-5611.101,3495.955,-16579.320,-18696.397,-13156.941,-4681.118
-13217.012,-18544.074,-10244.823,-15495.129,-890.094,-7266.593,-2850.098,6723.983,-9294.676,-7350.600,-5697.698,3352.367,-16728.917,-18861.995,-13331.702,-4815.642
-13321.604,-18651.695,-10383.355,-15590.209,-806.257,-7342.708,-2917.884,6715.970,-9400.706,-7471.188,-5819.970,3234.014,-16825.519,-18967.019,-13438.992,-4906.597
-13250.414,-18579.676,-10310.957,-15526.212,-987.487,-7293.376,-2866.400,6714.035,-9317.062,-7400.895,-5769.162,3301.416,-16760.694,-18900.692,-13370.464,-4852.764
-12999.491,-18322.835,-10073.272,-15277.995,-1484.798,-7095.827,-2665.806,6719.166,-9066.489,-7157.593,-5590.041,3549.621,-16526.228,-18657.195,-13118.708,-4628.836
-13048.106,-18370.206,-10109.641,-15319.957,-1270.034,-7131.575,-2719.736,6736.901,-9121.550,-7192.740,-5606.958,3513.764,-16565.534,-18695.702,-13157.602,-4665.362
-13217.824,-18536.672,-10243.269,-15497.516,-889.380,-7260.268,-2839.412,6734.291,-9279.091,-7348.638,-5696.950,3366.182,-16721.780,-18865.220,-13333.422,-4803.466
-13324.148,-18643.331,-10382.335,-15599.756,-802.868,-7335.449,-2930.562,6709.219,-9371.401,-7468.954,-5815.942,3253.819,-16810.071,-18974.038,-13441.109,-4908.388
-13264.598,-18589.150,-10320.959,-15533.372,-981.511,-7289.746,-2871.697,6710.524,-9337.883,-7408.578,-5767.436,3312.117,-16755.317,-18908.848,-13374.433,-4854.316
-13022.662,-18344.670,-10087.499,-15286.765,-1477.395,-7091.647,-2679.164,6717.996,-9066.428,-7170.235,-5588.315,3550.020,-16519.971,-18666.616,-13133.392,-4631.581
-13056.335,-18373.907,-10114.739,-15333.056,-1267.091,-7138.230,-2720.551,6718.851,-9108.251,-7199.769,-5609.489,3518.316,-16570.716,-18708.600,-13175.462,-4681.834
-13226.756,-18545.776,-10250.067,-15503.344,-884.921,-7268.078,-2852.000,6722.677,-9281.678,-7355.068,-5694.591,3365.144,-16724.713,-18872.997,-13345.328,-4820.297
-13328.912,-18650.733,-10387.968,-15604.640,-809.468,-7354.148,-2943.603,6701.026,-9390.055,-7477.073,-5818.531,3239.604,-16834.710,-18979.286,-13451.296,-4918.056
-13264.002,-18588.706,-10322.562,-15528.599,-990.163,-7309.270,-2885.734,6691.124,-9320.973,-7411.357,-5766.573,3304.371,-16775.654,-18906.446,-13385.016,-4874.011
-13013.891,-18342.450,-10083.372,-15281.436,-1492.914,-7115.461,-2673.368,6706.563,-9080.209,-7171.434,-5587.797,3536.764,-16543.241,-18662.822,-13129.953,-4657.484
-13055.901,-18375.832,-10114.739,-15323.120,-1271.372,-7144.224,-2722.679,6719.166,-9105.663,-7201.077,-5606.843,3510.330,-16576.387,-18700.001,-13167.524,-4680.163
-13226.161,-18549.625,-10245.988,-15492.410,-894.464,-7276.767,-2850.008,6719.166,-9280.294,-7353.869,-5692.232,3366.901,-16731.948,-18864.967,-13334.083,-4825.907
-13329.345,-18650.585,-10384.180,-15599.256,-811.074,-7348.813,-2928.932,6707.013,-9391.800,-7474.076,-5815.712,3246.312,-16822.097,-18974.417,-13451.296,-4913.879
-13269.795,-18590.631,-10326.349,-15532.928,-983.830,-7301.461,-2876.271,6701.161,-9321.094,-7411.629,-5764.444,3307.964,-16772.623,-18913.843,-13389.382,-4855.629
-13029.266,-18346.965,-10092.258,-15282.491,-1490.863,-7114.306,-2692.794,6700.306,-9072.145,-7174.921,-5587.164,3533.968,-16539.917,-18664.909,-13136.964,-4656.051
-13068.028,-18394.262,-10124.936,-15332.667,-1276.901,-7148.349,-2725.622,6710.884,-9113.606,-7210.449,-5607.706,3502.024,-16578.734,-18710.055,-13190.279,-4692.815
-13229.409,-18554.658,-10253.272,-15506.008,-895.178,-7281.992,-2858.158,6713.315,-9304.004,-7362.097,-5695.224,3344.461,-16737.130,-18871.290,-13355.779,-4831.517
-13333.351,-18659.393,-10391.318,-15601.476,-820.082,-7360.033,-2923.272,6704.042,-9387.167,-7483.557,-5819.452,3233.615,-16835.101,-18977.326,-13466.245,-4923.308
-13275.912,-18593.370,-10331.496,-15528.543,-992.838,-7302.561,-2875.275,6699.091,-9330.361,-7414.899,-5762.660,3306.447,-16767.050,-18901.956,-13388.059,-4861.597
-13022.012,-18344.004,-10089.296,-15276.330,-1492.290,-7108.146,-2682.832,6711.424,-9073.649,-7173.177,-5584.575,3539.878,-16532.877,-18659.598,-13131.673,-4643.040
-13055.847,-18385.750,-10121.003,-15320.012,-1278.774,-7147.249,-2721.411,6716.961,-9121.790,-7208.052,-5605.059,3504.340,-16578.929,-18699.875,-13179.166,-4685.773
-13223.941,-18552.068,-10251.086,-15497.461,-900.618,-7284.302,-2855.034,6727.539,-9288.538,-7361.443,-5693.843,3357.877,-16739.379,-18867.876,-13347.974,-4831.756
-13325.935,-18657.321,-10386.899,-15597.147,-819.279,-7357.173,-2927.664,6707.553,-9386.385,-7482.250,-5816.402,3233.215,-16836.959,-18974.670,-13449.973,-4916.982
-13263.299,-18592.481,-10324.456,-15523.659,-991.144,-7300.966,-2883.289,6696.165,-9321.033,-7415.934,-5763.869,3301.416,-16767.245,-18906.129,-13380.386,-4856.464
-13019.684,-18344.078,-10089.199,-15272.944,-1492.736,-7109.741,-2679.164,6709.624,-9085.083,-7172.578,-5583.712,3542.753,-16536.299,-18663.012,-13134.583,-4647.815
-13057.850,-18383.900,-10116.730,-15322.510,-1274.226,-7140.759,-2729.426,6729.294,-9109.033,-7207.616,-5606.440,3510.490,-16574.236,-18705.882,-13185.649,-4672.046
-13216.687,-18541.335,-10243.415,-15499.625,-893.394,-7275.117,-2847.110,6725.198,-9306.531,-7355.231,-5695.454,3359.714,-16728.330,-18869.646,-13349.958,-4820.774
-13323.336,-18646.810,-10381.752,-15600.311,-812.946,-7351.618,-2925.038,6714.125,-9390.176,-7475.656,-5815.424,3239.045,-16829.919,-18974.923,-13455.397,-4908.507
-13249.331,-18578.788,-10312.122,-15532.207,-993.730,-7304.706,-2861.781,6710.704,-9312.127,-7407.652,-5766.630,3303.093,-16771.156,-18904.675,-13390.573,-4851.093
-13005.663,-18333.124,-10076.040,-15282.935,-1492.201,-7110.786,-2677.851,6719.887,-9074.191,-7163.424,-5589.466,3535.007,-16537.766,-18661.305,-13134.318,-4637.072
-13051.354,-18375.314,-10109.350,-15324.286,-1276.099,-7142.959,-2709.457,6735.191,-9118.059,-7200.750,-5610.468,3507.135,-16577.169,-18702.720,-13180.622,-4667.630
-13218.961,-18544.000,-10242.395,-15501.679,-890.094,-7271.267,-2841.495,6737.216,-9302.138,-7351.744,-5695.166,3365.863,-16728.037,-18867.370,-13353.398,-4806.212
-13322.524,-18648.735,-10377.965,-15594.316,-815.801,-7356.953,-2918.880,6715.880,-9383.075,-7471.896,-5819.279,3244.396,-16831.484,-18968.727,-13447.592,-4918.653
-13258.914,-18587.522,-10317.172,-15531.818,-989.449,-7300.086,-2869.388,6707.103,-9323.922,-7407.325,-5766.918,3307.885,-16764.801,-18901.198,-13389.779,-4855.867
-13018.818,-18346.225,-10083.275,-15280.049,-1490.506,-7108.201,-2689.624,6704.312,-9077.922,-7170.616,-5588.200,3542.913,-16535.419,-18658.523,-13136.964,-4652.112
-13061.044,-18384.270,-10118.430,-15323.620,-1270.123,-7134.875,-2724.309,6723.172,-9111.139,-7206.199,-5605.404,3515.281,-16564.947,-18701.076,-13182.341,-4676.701
-13222.534,-18553.178,-10246.959,-15501.346,-886.526,-7266.153,-2842.763,6725.108,-9289.922,-7361.443,-5692.922,3370.495,-16720.411,-18868.824,-13358.161,-4815.880
-13320.954,-18647.550,-10381.267,-15595.093,-809.201,-7345.128,-2928.570,6708.183,-9378.622,-7475.656,-5811.742,3251.344,-16815.644,-18970.940,-13455.132,-4915.192
-13251.822,-18578.048,-10313.190,-15524.824,-981.244,-7290.681,-2869.977,6709.939,-9287.214,-7406.398,-5760.416,3310.121,-16754.143,-18900.629,-13386.207,-4846.557
-13007.774,-18332.383,-10078.807,-15283.046,-1481.766,-7092.857,-2676.266,6720.787,-9094.049,-7166.639,-5586.416,3554.333,-16519.971,-18664.087,-13138.155,-4632.894
-13049.026,-18377.978,-10111.243,-15322.676,-1266.377,-7130.035,-2705.970,6728.484,-9107.168,-7201.295,-5604.253,3517.437,-16560.645,-18701.203,-13181.548,-4665.362
-13218.257,-18542.149,-10244.774,-15487.914,-889.648,-7265.053,-2847.427,6733.750,-9270.004,-7353.161,-5690.851,3372.811,-16718.944,-18861.047,-13345.857,-4808.360
-13323.877,-18654.508,-10381.995,-15590.653,-817.317,-7354.863,-2922.004,6713.810,-9383.917,-7475.711,-5812.950,3241.122,-16826.888,-18967.146,-13453.809,-4912.924
-13262.757,-18595.590,-10317.658,-15526.323,-989.271,-7294.696,-2880.799,6710.299,-9305.267,-7411.902,-5756.906,3308.444,-16759.325,-18897.720,-13388.456,-4839.156
-13014.703,-18343.930,-10082.886,-15276.386,-1490.417,-7104.186,-2664.448,6713.180,-9058.786,-7169.908,-5584.747,3549.621,-16525.837,-18657.132,-13139.875,-4638.624
-13059.150,-18377.460,-10115.613,-15324.730,-1273.869,-7142.409,-2728.203,6731.680,-9114.268,-7204.183,-5604.483,3518.715,-16572.867,-18705.755,-13185.913,-4670.733
-13225.565,-18542.445,-10247.445,-15485.028,-890.718,-7273.137,-2858.340,6728.079,-9275.420,-7352.888,-5687.628,3366.023,-16724.615,-18855.672,-13340.036,-4819.222
-13326.476,-18649.401,-10382.626,-15590.931,-807.238,-7339.794,-2930.834,6717.366,-9369.656,-7474.893,-5809.382,3253.420,-16813.004,-18962.657,-13450.634,-4901.465
-13262.487,-18580.564,-10321.348,-15513.890,-982.582,-7287.106,-2877.357,6716.466,-9292.811,-7403.728,-5755.583,3323.457,-16748.179,-18896.519,-13379.328,-4842.260
-13023.474,-18341.562,-10088.859,-15275.275,-1488.633,-7102.976,-2683.420,6714.440,-9067.512,-7170.562,-5580.087,3555.291,-16528.379,-18656.310,-13134.054,-4637.908
-13063.751,-18390.043,-10122.217,-15325.230,-1269.499,-7138.615,-2710.408,6724.658,-9125.160,-7208.161,-5604.656,3513.684,-16569.934,-18700.381,-13190.279,-4675.388
-13229.355,-18557.471,-10248.999,-15497.017,-889.380,-7274.842,-2850.597,6725.018,-9283.062,-7364.004,-5693.095,3363.068,-16730.579,-18866.485,-13363.717,-4824.713
-13332.864,-18663.834,-10385.831,-15603.086,-807.952,-7350.188,-2929.974,6711.289,-9373.627,-7487.154,-5815.482,3237.847,-16832.755,-18975.872,-13470.479,-4913.759
-13265.897,-18599.957,-10323.533,-15528.710,-985.703,-7300.306,-2871.833,6704.807,-9334.934,-7416.479,-5766.400,3303.173,-16768.712,-18908.026,-13396.394,-4853.122
-13019.089,-18344.818,-10085.411,-15277.829,-1487.563,-7113.096,-2680.704,6714.710,-9058.124,-7175.303,-5583.366,3540.277,-16541.677,-18665.541,-13146.225,-4645.666
-13064.888,-18389.155,-10120.566,-15329.892,-1275.296,-7148.349,-2720.460,6722.317,-9107.950,-7211.484,-5608.626,3508.333,-16580.298,-18707.526,-13196.497,-4685.892
-13233.199,-18554.288,-10255.068,-15508.617,-893.840,-7277.097,-2842.265,6722.407,-9284.988,-7361.280,-5695.511,3366.182,-16728.722,-18874.262,-13362.791,-4825.310
-13331.511,-18658.283,-10386.705,-15604.252,-815.890,-7354.148,-2927.709,6706.653,-9374.048,-7481.378,-5815.021,3238.885,-16826.399,-18979.792,-13468.097,-4918.056
-13261.891,-18594.036,-10319.648,-15536.924,-991.679,-7298.216,-2865.901,6712.820,-9311.465,-7415.607,-5766.688,3307.246,-16761.672,-18914.918,-13399.040,-4853.599
-13027.263,-18357.105,-10090.315,-15298.421,-1487.028,-7100.007,-2679.255,6727.044,-9085.685,-7180.588,-5592.343,3547.625,-16526.326,-18679.578,-13162.365,-4631.104
-13063.697,-18395.372,-10120.081,-15333.833,-1271.728,-7137.735,-2709.185,6730.870,-9117.939,-7215.571,-5611.676,3510.250,-16567.783,-18716.251,-13195.306,-4661.064
-13234.011,-18560.432,-10253.806,-15511.059,-895.356,-7277.757,-2845.435,6727.179,-9289.802,-7367.492,-5699.712,3352.606,-16734.490,-18880.711,-13364.908,-4816.596
-13336.004,-18667.239,-10391.901,-15614.853,-821.776,-7362.177,-2931.694,6710.839,-9392.703,-7487.535,-5820.488,3235.691,-16840.577,-18983.775,-13479.871,-4914.237
-13263.678,-18593.888,-10321.105,-15545.250,-998.546,-7303.111,-2875.410,6698.326,-9327.593,-7415.226,-5773.938,3303.093,-16763.823,-18917.005,-13401.818,-4854.077
-13025.856,-18356.587,-10090.947,-15290.872,-1494.876,-7110.676,-2681.609,6710.974,-9088.994,-7178.463,-5593.148,3539.718,-16534.930,-18672.370,-13152.178,-4641.847
-13071.709,-18400.332,-10126.636,-15345.600,-1281.539,-7150.604,-2724.083,6724.298,-9122.934,-7220.367,-5615.301,3499.629,-16578.636,-18719.349,-13208.271,-4681.595
-13241.482,-18574.125,-10259.681,-15519.829,-898.567,-7286.722,-2852.091,6721.327,-9315.738,-7378.009,-5704.142,3354.044,-16736.739,-18886.528,-13386.472,-4829.249
-13339.090,-18672.568,-10393.066,-15612.078,-822.222,-7358.108,-2935.498,6702.287,-9396.133,-7491.840,-5825.494,3230.820,-16831.973,-18985.609,-13483.840,-4917.221
-13267.630,-18600.919,-10324.456,-15543.863,-994.176,-7299.921,-2874.188,6705.618,-9341.734,-7420.620,-5769.392,3302.774,-16761.965,-18912.705,-13409.755,-4848.347
-13024.989,-18356.143,-10090.655,-15289.152,-1496.482,-7112.601,-2683.919,6712.099,-9075.034,-7177.537,-5586.646,3535.566,-16536.984,-18665.478,-13156.941,-4644.234
-13063.968,-18397.297,-10124.159,-15338.606,-1276.634,-7146.369,-2713.668,6730.915,-9113.065,-7215.135,-5613.345,3504.740,-16579.125,-18713.406,-13201.392,-4680.521
-13234.552,-18568.574,-10255.651,-15508.395,-894.553,-7284.247,-2849.012,6726.278,-9287.455,-7368.691,-5696.835,3357.877,-16743.486,-18871.290,-13366.892,-4826.742
-13334.975,-18671.162,-10392.338,-15605.084,-814.819,-7345.953,-2928.343,6716.781,-9383.797,-7487.045,-5816.863,3244.556,-16819.946,-18974.101,-13468.626,-4903.136
-13266.709,-18603.066,-10328.292,-15532.040,-986.417,-7292.771,-2874.459,6702.962,-9311.104,-7417.188,-5760.531,3310.041,-16757.468,-18900.881,-13401.289,-4846.676
-13025.801,-18351.924,-10093.083,-15281.714,-1488.365,-7107.541,-2691.299,6712.234,-9060.772,-7174.376,-5581.353,3542.593,-16533.073,-18658.207,-13148.606,-4647.099
-13067.162,-18407.659,-10123.577,-15333.500,-1271.907,-7144.719,-2713.306,6733.390,-9124.077,-7213.610,-5605.404,3509.531,-16577.756,-18698.926,-13198.746,-4677.776
-13236.068,-18562.874,-10251.621,-15508.784,-892.145,-7280.837,-2851.955,6722.137,-9289.862,-7367.274,-5693.037,3362.429,-16733.121,-18871.543,-13375.756,-4824.594
-13332.864,-18660.503,-10387.628,-15604.918,-816.068,-7357.668,-2930.743,6708.408,-9379.585,-7480.451,-5814.906,3238.646,-16833.439,-18969.549,-13481.194,-4914.953
-13255.828,-18593.814,-10314.453,-15540.366,-988.914,-7295.246,-2861.147,6706.113,-9309.540,-7410.594,-5764.962,3308.923,-16759.130,-18904.612,-13407.903,-4841.902
-13011.780,-18345.707,-10082.643,-15288.375,-1483.995,-7091.262,-2674.410,6726.278,-9073.649,-7170.398,-5581.353,3546.666,-16515.375,-18663.391,-13157.205,-4622.510
-13049.784,-18377.904,-10110.515,-15325.285,-1265.753,-7127.120,-2703.480,6745.319,-9097.600,-7202.330,-5606.152,3521.590,-16555.854,-18700.191,-13194.645,-4653.664
-13219.773,-18555.472,-10245.648,-15505.786,-887.507,-7266.098,-2840.137,6747.749,-9274.517,-7358.283,-5695.684,3366.662,-16718.846,-18867.749,-13368.347,-4803.944
-13327.559,-18657.099,-10383.112,-15597.647,-810.984,-7342.104,-2915.393,6731.995,-9377.178,-7477.618,-5814.503,3244.396,-16816.231,-18966.703,-13474.447,-4892.632
-13257.127,-18589.076,-10316.832,-15533.483,-985.525,-7288.976,-2854.989,6721.327,-9310.623,-7409.613,-5765.192,3315.391,-16751.894,-18899.364,-13407.110,-4835.575
-13015.678,-18346.669,-10080.653,-15279.494,-1485.868,-7093.847,-2665.172,6716.646,-9053.972,-7169.145,-5579.108,3549.222,-16511.464,-18654.792,-13158.131,-4625.733
-13058.175,-18387.082,-10114.691,-15334.721,-1270.926,-7137.460,-2718.241,6740.952,-9121.008,-7205.708,-5607.648,3511.847,-16564.165,-18700.634,-13202.582,-4664.287
-13228.056,-18553.770,-10254.583,-15510.116,-890.094,-7277.372,-2851.683,6725.828,-9288.117,-7357.575,-5696.892,3361.151,-16726.571,-18869.203,-13373.374,-4816.955
-13335.463,-18667.091,-10386.025,-15610.302,-815.087,-7355.633,-2931.106,6713.990,-9399.322,-7481.977,-5818.186,3236.330,-16832.462,-18976.061,-13490.984,-4908.865
-13264.111,-18600.327,-10318.095,-15545.750,-988.111,-7293.211,-2896.421,6709.354,-9332.527,-7415.008,-5770.486,3305.089,-16756.490,-18911.378,-13413.857,-4844.766
-13021.525,-18354.219,-10082.401,-15303.361,-1488.187,-7098.522,-2667.301,6721.732,-9085.986,-7174.431,-5592.112,3541.635,-16523.295,-18668.070,-13170.170,-4629.672
-13064.347,-18394.558,-10119.158,-15354.758,-1271.461,-7138.230,-2717.879,6733.435,-9140.806,-7210.885,-5614.898,3499.469,-16568.467,-18714.923,-13215.283,-4666.913
-13235.039,-18566.649,-10251.475,-15523.159,-892.591,-7276.437,-2859.970,6725.018,-9301.055,-7366.620,-5701.956,3358.037,-16727.842,-18879.889,-13383.561,-4817.909
